29.999999940348793
32.55703761740197
32.55703761740197
29.999999940348793
32.55703761740197
29.999999940348793
32.55703761740197
29.999999940348793
29.999999940348793
29.999999940348793
32.55703761740197
32.55703761740197
32.55703761740197
54.76485831925015
56.25930309415812
44.8871184441491
54.78098712416127
38.0382186975546
45.6154100305485
36.62444723233177
60.03593127189879
67.58146835524929
12.430247824394298
23.045597545837804
49.22611689173041
11.445348380778123
16.207465600527872
22.988243970855862
13.901958080553886
36.90658463893244
46.771013691324704
12.72328669459426
16.426036357710256
9.521109059887982
35.50404539254995
7.122867976777291
14.356356779384306
7.683852413272383
20.380078728813164
27.779219270832428
25.902281887266376
18.855143209657196
4.729919347027379
28.281027184257894
27.176991655905276
21.526451622461714
6.9521571231847465
5.343691191522128
3.2142302749031533
35.02265730794022
12.150646484085188
21.252563492426503
14.614462469532343
72.34867101706145
44.83458391768631
55.6835604687612
30.760018046928938
67.558658098978
79.10801774491635
54.8113357701124
48.9154918917518
42.510090818751486
80.69228567055052
54.12455946666921
65.91127421052767
74.3244878757303
52.220860345756634
84.55887675339893
96.26506592965724
89.200343975483
69.54082673897497
69.63773761219302
113.33278671128068
106.58216486537937
86.58539115698247
99.20440446147803
107.16378945553696
104.73820303368184
98.72047299003106
98.04296451889522
100.81703084723259
104.57541055142036
106.70685899624652
105.52910524185853
108.64337312935251
103.61907118655334
107.13097051457179
103.80427172822311
106.23821896856289
82.52702679891539
89.85872682952541
91.12729273770724
87.88717582515635
99.9012372721655
92.69068369206693
103.13497140622259
100.45347342090373
104.37537956512422
103.82040797491852
100.61238305703667
104.86030451483786
107.90500412109897
108.17903931845693
110.40052302104296
109.8216332795924
112.33998420973533
112.48006836210354
113.17304201552149
119.84443076998711
117.18939523222363
118.26434381574026
121.21101945140205
118.59800839467097
114.34091176498562
119.19369846060097
118.17463481130166
100.54991147053751
97.90794946840738
94.86162856683801
94.33098489775013
101.67218854366843
72.07068698427807
80.00714742958529
82.72499931608039
75.7797877290407
61.0355079811521
48.18332275967335
50.116078644738835
55.85025267357009
49.33770224592465
40.32116988311392
42.91772718158484
50.409561036891546
56.27077403498419
38.02864046852923
39.12260133037965
54.304127007669805
44.919750009441124
32.90101089817414
38.354696862700585
35.255906661210915
46.1488723782506
38.099696424798914
42.870526609421375
30.199498940851118
29.35463199602755
37.932131922705295
41.5416762236913
35.33060445679039
30.031783031380748
28.237570242369962
27.421173405691928
35.17919816993971
47.222679757454586
58.93183349020415
46.25728399798729
45.692588793656235
86.18436913698297
68.60551040129305
78.01640466606055
60.765250526586
70.92661225771334
95.15365815581826
75.49157295304283
66.8963267040313
48.5402152453832
96.70155178249234
91.99802148078436
66.27935229930206
59.11560394912245
53.830021939174785
73.17800697992566
101.55245689916426
74.79343153118988
87.08063234751138
63.102421039108556
118.10885176922758
112.83723031784913
106.3324282781565
83.39869751615444
129.41932096599157
104.13530840731403
112.25751667033839
104.84896982273996
117.5991868792607
127.7311768944658
110.10343329260367
100.59549205878092
96.0377796898562
110.34914002832346
107.9550933348059
106.39377475667912
99.38931706130417
96.53635914158723
98.18063878663757
96.81739463770167
90.71213175875914
90.29155823669251
111.9513886962528
100.97862233007501
96.83611447789603
94.53229821669396
98.15858488575266
121.11568030096619
107.78106181620193
118.53216897248176
110.97964379624057
117.89233582823843
113.73029020753718
110.65484278271389
109.37350745664081
124.52981004453446
117.30015707454147
111.86449301152685
107.76866150352888
108.05693176135152
96.43338450583865
95.01310673409927
92.76901728754218
92.14019513718839
97.02088667663492
86.79784795448545
83.35570720165795
81.23725107364689
80.97446367934329
80.48211358645521
72.74710553005922
78.02668772696656
84.19905811139964
74.59893564746538
66.04321719412931
61.50656577657331
76.71366367010525
80.44784038881866
56.69716373549201
61.09949959057689
54.48622244675269
71.91454224272371
61.73731461504149
47.4698150635534
48.9669855600514
55.019386591771124
60.510530590899315
33.12371388359078
36.892530638034586
48.847662129202014
67.92426802652203
59.597669407011225
42.50886082228122
41.6942201255834
50.7307193271018
45.224488491456654
35.01196050149779
33.45906230156969
28.988553136260172
44.810205395543214
54.6003785188036
34.3520931994557
40.13031676609087
42.288560359111976
59.02727448956986
39.58951357994613
47.792247023543936
43.91185196429519
54.147832486320524
51.305725749731764
57.56567802156429
48.175128165198586
54.96496418089326
57.001407838376906
61.51204948612427
70.05745164141032
69.2302624388802
68.6114133522803
68.1456869040647
67.7449893015026
67.40959051700335
67.1269705633205
