29.68164415931166
32.2490309931942
32.2490309931942
29.68164415931166
32.2490309931942
29.68164415931166
32.2490309931942
29.68164415931166
29.68164415931166
29.68164415931166
32.2490309931942
32.2490309931942
32.2490309931942
55.758407437802596
54.378304497290095
42.190046219457976
52.354560450833695
33.1058907144937
38.48376280978771
28.792360097775937
51.07837115648854
53.85164807134504
12.649110640673518
7.810249675906654
30.675723300355934
9.848857801796104
7.280109889280518
12.206555615733702
18.110770276274835
16.76305461424021
19.026297590440446
21.93171219946131
18.110770276274835
25.632011235952593
15.811388300841896
32.2490309931942
45.967379738244816
36.61966684720111
13.92838827718412
12.041594578792296
64.35060217278468
57.28001396647874
40.36087214122113
17.26267650163207
70.00714249274856
62.93647591023825
37.48332962798263
52.40229002629561
49.49747468305833
85.9127464349732
67.00746227100382
77.98717843338096
72.34638899074369
129.2749008895385
106.01886624558857
117.06835610018618
90.27181176868004
122.9186723000212
136.82105101189657
115.42096863222038
111.8257573191436
109.62207806824317
150.20652449211386
124.03628501370073
136.35981812836215
143.8401890988746
122.06555615733703
150.98675438593943
159.13830462839547
155.56991997169632
137.64446955835166
136.65284482951682
180.47991578012218
171.12568480505783
156.33937443907084
168.67127793433
180.05554698481245
182.6307750626931
176.96327302578916
174.45343218177166
181.1767093199344
181.7470770053813
179.42407865166817
176.38594048279472
178.73443988218946
174.89711261195822
171.29214809792072
163.23296235748464
156.97452022541748
142.0211251891774
144.5441109142811
145.3994497926316
133.15029102484155
144.53373308677806
130.728726758888
141.94717327231282
133.33041663476493
131.59027319676784
127.75758294520134
118.66338946785567
123.76186811776881
127.47156545677157
120.78493283518438
111.22050170719426
114.00438588054409
116.1077086157504
117.23907198540937
119.4361754243663
114.85643212288984
113.1591799192624
112.0
113.00442469213318
105.94810050208545
103.16006979447037
106.92053123698928
100.71742649611338
79.90619500389191
77.52418977325722
74.73285756613352
69.46221994724903
81.21576201698781
44.04543109109048
56.302753041036986
61.98386886924694
58.82176467941097
48.507731342539614
35.12833614050059
48.093658625644196
61.40032573203501
59.93329625508679
56.4003546088143
57.982756057296896
61.465437442517235
65.14598989960932
66.64082832618455
59.033888572581766
65.80273550544841
58.59180830116101
61.29437168288782
54.817880294662984
58.249463516842795
54.20332093147061
50.91168824543142
45.0
57.87054518492115
54.405882034941776
47.4236228055175
44.68780594300866
74.00675644831355
67.36467917239716
67.08203932499369
62.93647591023825
68.70953354520753
84.20213774008353
98.97979591815695
78.92401408950256
80.49844718999243
119.8874472161285
98.73702446397704
107.20074626605917
96.56603957913983
104.9952379872535
121.37956994486346
102.9417310909429
92.80086206496145
73.87827826905551
110.4943437466371
108.46197490364999
86.2670273047588
87.00574693662483
85.0411665018772
97.41663102366043
123.30855606972291
108.2266141020775
120.7683733433551
107.20074626605917
146.77874505527018
147.12239802287073
142.67795905464865
128.79829191413992
159.84054554461454
140.089257261219
146.32156368765337
137.64083696345355
147.95945390545344
149.40548852033515
138.24615727028365
129.34063553268942
127.05904139414872
127.56566936288148
122.05326705991938
119.10499569707393
113.07077429645558
113.63538181394033
109.00458705944443
99.46356116689167
106.16967551989597
113.53413583587978
111.23398761170077
110.11357772772621
115.00434774390054
119.41942890501528
117.42657280190033
119.70797801316336
112.89375536317321
119.9208072020865
110.69326989478628
112.8716084761797
110.16805344563369
109.4440496326776
110.67971810589327
103.39245620450265
101.11874208078342
97.83659846908007
99.02019995940222
106.89246933250256
76.60939890117922
76.60939890117922
84.20213774008353
78.5175139698144
94.04786015641186
62.03224967708329
60.83584469702052
61.29437168288782
58.412327466040935
55.072679252057455
42.95346318982906
60.207972893961475
70.09279563550022
56.0357029044876
40.718546143004666
36.138621999185304
57.14017850864661
59.20304046246274
21.587033144922902
26.0
16.76305461424021
45.27692569068709
33.1058907144937
17.08800749063506
19.313207915827967
25.079872407968907
32.89376840679705
21.2602916254693
18.35755975068582
14.866068747318506
36.124783736376884
29.614185789921695
37.57658845611187
29.614185789921695
25.80697580112788
28.071337695236398
36.05551275463989
46.66904755831214
39.59797974644666
30.066592756745816
33.52610922848042
44.204072210600685
42.95346318982906
40.80441152620633
37.36308338453881
58.728187440104094
72.62231062146122
52.20153254455275
42.7551166528639
79.81227975693966
93.49331526906082
71.42128534267638
85.70297544426332
86.27861844049197
91.96738552334735
106.04244433244644
104.80935072788114
103.07764064044152
101.67103815738285
100.89598604503551
100.7670581092849
102.17631819555841
