F 25.980762 15.000000 0.523599
E 0.000000 0.000000 0.000000 0.000000
W C 485.9 -51.9 1482.6 322.9 1410.8 1102.0 721.6 1069.5 196.6 796.2 143.6 1604.2
W E -0.144 600.0 365.0 -2.933 600.0 1169.2 -2.476 600.0 1382.6 -0.583 992.1 600.0 -0.215 628.0 600.0 -0.074 1251.5 600.0
D C 364.9 -287.9 1415.4 -461.6 1742.8 248.9 1129.7 565.4 538.4 591.2 896.5 1317.5
F 25.980762 15.000000 0.523599
E 0.000000 0.000000 0.000000 0.000000
W C 486.6 -52.0 1483.2 323.1 1410.4 1101.7 721.7 1069.5 197.0 797.8 143.7 1605.1
W E -0.144 424.3 258.1 -2.933 424.3 826.8 -2.476 424.3 977.7 -0.583 701.6 424.3 -0.215 444.1 424.3 -0.074 885.0 424.3
D C 366.0 -288.8 1416.7 -462.0 1741.8 248.8 1129.9 565.4 540.6 593.7 897.6 1319.0
F 25.980762 15.000000 0.523599
E 0.000000 0.000000 0.000000 0.000000
W C 487.0 -52.1 1483.9 323.2 1410.3 1101.6 722.0 1070.0 197.2 798.8 143.8 1606.9
W E -0.144 346.4 210.9 -2.933 346.4 675.2 -2.476 346.4 798.2 -0.583 572.8 346.4 -0.215 362.8 346.4 -0.074 722.7 346.4
D C 366.2 -289.0 1418.2 -462.5 1741.8 248.8 1131.1 566.1 541.5 594.6 900.0 1322.6
F 25.980762 15.000000 0.523599
E 0.000000 0.000000 0.000000 0.000000
W C 487.1 -52.1 1484.1 323.3 1409.3 1100.8 721.9 1069.8 197.2 798.9 143.8 1606.4
W E -0.144 300.0 182.7 -2.933 300.0 584.8 -2.476 300.0 691.2 -0.583 496.1 300.0 -0.215 314.4 300.0 -0.074 626.1 300.0
D C 366.2 -288.9 1417.4 -462.3 1737.0 248.1 1129.5 565.3 540.5 593.6 896.8 1317.9
F 25.980762 15.000000 0.523599
E 0.000000 0.000000 0.000000 0.000000
W C 486.9 -52.1 1484.6 323.4 1409.1 1100.6 721.7 1069.5 197.0 798.0 143.8 1606.4
W E -0.144 268.3 163.5 -2.933 268.3 523.2 -2.476 268.3 618.1 -0.583 443.8 268.3 -0.215 281.4 268.3 -0.074 560.1 268.3
D C 365.1 -288.1 1419.4 -462.9 1739.8 248.5 1128.6 564.8 537.0 589.7 898.0 1319.6
F 25.980762 15.000000 0.523599
E 0.000000 0.000000 0.000000 0.000000
W C 486.8 -52.0 1483.9 323.2 1409.1 1100.6 721.7 1069.5 196.9 797.6 143.8 1606.1
W E -0.144 244.9 149.2 -2.933 244.9 477.7 -2.476 244.9 564.2 -0.583 405.1 244.9 -0.215 256.9 244.9 -0.074 511.4 244.9
D C 365.1 -288.1 1413.4 -460.9 1740.2 248.6 1129.9 565.5 538.2 591.0 896.5 1317.5
F 25.980762 15.000000 0.523599
E 0.000000 0.000000 0.000000 0.000000
W C 486.7 -52.0 1484.2 323.3 1408.4 1100.1 721.9 1069.9 196.9 797.7 143.8 1606.0
W E -0.144 226.8 138.2 -2.933 226.8 442.2 -2.476 226.8 522.3 -0.583 375.1 226.8 -0.215 237.8 226.8 -0.074 473.5 226.8
D C 364.7 -287.8 1418.5 -462.6 1734.9 247.8 1132.6 566.8 539.8 592.8 897.2 1318.4
F 25.980762 15.000000 0.523599
E 0.000000 0.000000 0.000000 0.000000
W C 486.6 -52.0 1484.3 323.3 1408.2 1100.0 722.1 1070.1 197.0 798.0 143.8 1606.0
W E -0.144 212.1 129.3 -2.933 212.1 413.7 -2.476 212.1 488.5 -0.583 350.8 212.1 -0.215 222.5 212.1 -0.074 442.9 212.1
D C 364.9 -287.9 1417.5 -462.3 1738.0 248.2 1131.9 566.5 540.7 593.8 897.5 1318.9
F 25.980762 15.000000 0.523599
E 0.000000 0.000000 0.000000 0.000000
W C 486.6 -52.0 1484.2 323.3 1408.3 1100.0 722.2 1070.3 197.0 798.0 143.8 1606.1
W E -0.144 200.0 121.9 -2.933 200.0 390.1 -2.476 200.0 460.5 -0.583 330.8 200.0 -0.215 209.7 200.0 -0.074 417.6 200.0
D C 365.2 -288.2 1416.6 -462.0 1739.8 248.5 1132.5 566.8 539.6 592.6 898.1 1319.8
F 25.980762 15.000000 0.523599
E 0.000000 0.000000 0.000000 0.000000
W C 486.6 -52.0 1484.0 323.7 1408.3 1100.0 722.2 1070.3 197.0 797.9 143.8 1606.0
W E -0.144 189.7 115.6 -2.933 189.7 370.1 -2.476 189.7 436.8 -0.583 313.8 189.7 -0.215 199.0 189.7 -0.074 396.2 189.7
D C 365.8 -288.6 1417.7 -457.6 1739.7 248.5 1129.9 565.5 539.5 592.4 897.2 1318.4
F 25.980762 15.000000 0.523599
E 0.000000 0.000000 0.000000 0.000000
W C 486.5 -52.0 1484.2 323.7 1408.2 1099.9 722.3 1070.5 197.0 798.0 143.8 1606.2
W E -0.144 180.9 110.2 -2.933 180.9 352.8 -2.476 180.9 416.5 -0.583 299.2 180.9 -0.215 189.7 180.9 -0.074 377.7 180.9
D C 364.1 -287.3 1419.0 -462.8 1739.0 248.4 1133.0 567.0 539.7 592.7 898.8 1320.8
F 25.980762 15.000000 0.523599
E 0.000000 0.000000 0.000000 0.000000
W C 486.4 -52.0 1484.2 323.7 1408.5 1100.1 722.4 1070.6 197.0 797.9 143.8 1606.1
W E -0.144 173.2 105.5 -2.933 173.2 337.8 -2.476 173.2 398.7 -0.583 286.5 173.2 -0.215 181.7 173.2 -0.074 361.7 173.2
D C 364.5 -287.7 1416.9 -462.1 1743.3 249.0 1132.5 566.8 539.1 592.1 896.9 1318.1
F 25.980762 15.000000 0.523599
E 0.000000 0.000000 0.000000 0.000000
W C 486.4 -52.0 1484.7 323.8 1408.6 1100.2 722.4 1070.6 197.0 798.1 143.8 1606.2
W E -0.144 166.4 101.4 -2.933 166.4 324.6 -2.476 166.4 383.0 -0.583 275.3 166.4 -0.215 174.5 166.4 -0.074 347.5 166.4
D C 365.0 -288.0 1423.0 -464.1 1741.8 248.8 1130.1 565.6 541.0 594.1 897.9 1319.5
F 47.426717 27.384234 0.523648
E 0.523619 6.130702 0.952048 0.076843
W C 488.0 -51.0 1486.1 324.6 1410.1 1101.1 723.9 1071.5 198.6 798.9 145.3 1606.9
W E -0.147 160.3 97.4 -2.934 160.4 312.6 -2.476 160.4 368.9 -0.583 265.1 160.4 -0.214 168.0 160.4 -0.073 334.7 160.4
D C 365.2 -288.2 1416.0 -461.8 1740.2 248.6 1131.2 566.1 539.4 592.4 896.8 1317.9
F 85.733178 49.460617 0.523045
E 0.523650 12.550591 4.925640 0.144119
W C 491.7 -48.8 1489.0 326.5 1412.6 1102.6 725.2 1070.8 201.3 800.6 147.7 1608.8
W E -0.156 154.8 93.6 -2.934 154.9 301.6 -2.476 154.9 356.1 -0.581 255.7 154.9 -0.215 162.0 154.9 -0.071 323.4 154.9
D C 352.2 -286.8 1402.9 -457.5 1715.5 250.4 1074.3 550.0 518.5 594.6 878.1 1325.0
F 124.396307 71.711502 0.521900
E 0.521816 16.717514 10.295719 0.172668
W C 495.9 -46.4 1492.2 327.9 1415.6 1103.7 727.4 1070.7 204.8 802.4 150.7 1610.7
W E -0.170 149.6 90.0 -2.936 150.0 291.9 -2.475 150.0 344.7 -0.579 247.3 150.0 -0.220 156.6 150.0 -0.068 313.5 150.0
D C 313.8 -287.5 1365.2 -463.9 1681.8 240.2 1048.8 549.2 488.9 592.9 846.9 1321.6
F 163.248082 93.771316 0.519304
E 0.512669 20.029952 15.904686 0.190880
W C 501.0 -43.5 1494.9 329.2 1418.8 1104.4 729.7 1070.1 208.7 803.7 151.0 1610.7
W E -0.190 144.6 86.7 -2.937 145.6 283.1 -2.475 145.5 334.5 -0.577 239.7 145.6 -0.230 151.8 145.5 -0.068 313.2 150.0
D C 279.2 -282.2 1324.1 -454.4 1640.5 244.6 1000.7 547.8 445.3 586.2
F 163.116014 93.666769 0.519088
E 0.512273 19.979235 14.995048 0.171439
W C 503.6 -41.7 1494.8 329.8 1420.7 1104.6 731.1 1069.0 211.3 804.3 151.0 1610.7
W E -0.205 140.2 84.0 -2.938 141.5 275.5 -2.474 141.5 325.6 -0.575 233.1 141.5 -0.236 147.6 141.4 -0.068 313.1 150.0
D C 260.9 -280.4 1277.2 -447.1 1622.9 242.0 985.4 543.3 432.6 584.3
F 201.840588 115.551483 0.516991
E 0.488351 22.755406 20.131355 0.192357
W C 506.5 -39.9 1494.5 330.1 1421.9 1104.2 732.2 1067.7 213.4 804.8 151.1 1610.6
W E -0.227 135.7 81.4 -2.940 137.7 268.3 -2.474 137.7 317.3 -0.572 226.8 137.7 -0.249 143.7 137.6 -0.068 313.1 150.0
D C 216.5 -277.0 1229.1 -443.0 1564.3 248.0 933.0 544.7 379.5 588.2
F 240.584840 137.342171 0.516127
E -0.483899 25.405274 25.115456 0.202697
W C 511.3 -38.0 1494.8 330.6 1423.8 1103.8 734.1 1066.5 216.0 805.8 151.2 1610.6
W E -0.256 131.0 79.0 -2.942 134.3 261.5 -2.473 134.3 309.5 -0.570 220.9 134.3 -0.271 140.1 134.1 -0.068 313.1 150.0
D C 187.9 -278.9 1197.8 -440.1 1532.9 243.0 902.1 541.6 348.6 590.7
F 279.192003 158.855551 0.511594
E -2.566083 27.371881 30.393614 0.208164
W C 517.5 -36.0 1495.7 331.2 1426.1 1103.4 736.5 1065.9 219.3 807.1 151.2 1610.6
W E -0.292 126.0 76.9 -2.943 131.1 255.1 -2.472 131.1 302.2 -0.567 215.3 131.1 -0.300 136.8 130.8 -0.068 313.0 150.0
D C 155.6 -276.2 1169.5 -441.9 1500.5 242.6 873.3 546.4 318.8 593.1
F 317.635221 180.192420 0.510159
E -2.590286 29.350316 35.301968 0.211591
W C 525.3 -34.5 1496.7 331.8 1428.6 1103.3 738.9 1065.2 222.6 808.6 151.1 1610.6
W E -0.333 120.7 75.0 -2.945 128.1 249.0 -2.472 128.1 295.2 -0.564 210.0 128.1 -0.334 133.8 127.7 -0.068 313.0 150.0
D C 124.8 -274.1 1131.1 -439.3 1466.0 246.2 832.9 546.4 280.4 594.1
F 317.275724 179.844057 0.508749
E -2.584037 29.195934 34.113203 0.188648
W C 529.4 -33.4 1497.0 332.0 1429.9 1102.9 740.4 1064.6 224.6 809.6 151.1 1610.6
W E -0.367 116.7 73.2 -2.947 125.4 243.6 -2.471 125.4 289.0 -0.562 205.3 125.4 -0.356 131.0 124.8 -0.068 313.0 150.0
D C 113.1 -277.2 1117.5 -438.0 1443.4 251.6 818.1 551.1 264.3 597.6
F 356.057884 201.411036 0.506232
E -2.600216 31.048324 38.713762 0.204533
W C 533.2 -32.7 1497.1 332.4 1431.0 1102.5 741.7 1063.8 226.0 810.6 151.1 1610.6
W E -0.406 112.2 71.7 -2.948 122.8 238.4 -2.470 122.8 283.1 -0.560 200.8 122.8 -0.381 128.6 122.0 -0.068 313.0 150.0
D C 67.3 -274.8 1066.3 -436.9 1395.6 247.7 770.4 547.0 214.8 601.8
F 394.569469 223.895403 0.515928
E -2.618043 32.859398 43.494480 0.216453
W C 533.5 -32.6 1497.0 334.4 1431.5 1103.6 742.5 1063.6 227.5 811.7 151.1 1610.6
W E -0.410 112.1 71.5 -2.950 120.4 233.5 -2.470 120.4 277.6 -0.558 196.5 120.4 -0.402 126.3 119.3 -0.068 313.0 150.0
D C 1026.6 -435.5 1364.7 246.5 735.6 539.4 184.2 595.6
F 394.679558 223.899612 0.515532
E -2.622909 32.758047 42.590473 0.196218
W C 533.5 -32.6 1496.1 334.7 1431.3 1103.2 742.3 1062.7 227.5 812.0 151.1 1610.6
W E -0.412 112.1 71.4 -2.952 118.2 229.2 -2.469 118.1 272.6 -0.556 192.8 118.2 -0.414 124.3 116.9 -0.068 313.0 150.0
D C 997.1 -433.8 1324.9 251.9 698.2 545.7 146.0 600.5
F 433.470117 246.334005 0.517295
E -2.637446 34.454059 46.594952 0.206056
W C 533.7 -32.5 1495.4 335.9 1430.9 1103.8 742.1 1062.3 227.5 812.5 153.9 1611.0
W E -0.414 112.0 71.2 -2.953 116.0 224.3 -2.469 116.0 267.1 -0.555 188.5 116.1 -0.442 122.2 114.4 -0.054 300.5 145.8
D C 958.2 -434.5 1292.7 249.9 666.4 544.3 474.7 1317.1 112.0 603.8
F 471.696282 268.326676 0.515842
E -2.646254 35.898147 50.523213 0.207375
W C 540.0 -33.3 1494.6 337.7 1430.8 1104.3 742.2 1062.1 227.9 813.5 156.9 1611.6
W E -0.460 105.3 70.3 -2.955 114.0 219.5 -2.468 114.0 261.7 -0.554 184.4 114.1 -0.465 120.3 112.1 -0.042 290.1 141.9
D C -47.4 -285.1 925.1 -422.9 1257.2 251.0 631.5 545.5 438.5 1317.1 81.6 604.0
F 509.695790 290.421169 0.513856
E -2.652728 37.284429 54.433762 0.208702
W C 545.8 -34.2 1494.3 339.8 1430.7 1105.2 742.6 1062.2 228.5 814.9 160.0 1612.4
W E -0.501 100.0 69.6 -2.957 112.2 215.0 -2.468 112.1 256.5 -0.553 180.4 112.2 -0.481 118.5 109.8 -0.030 281.1 138.4
D C -78.6 -288.4 896.0 -426.3 1220.4 251.5 601.9 546.3 407.1 1316.5 48.0 606.7
F 548.176241 312.990180 0.521487
E -2.657707 38.711479 58.421021 0.212438
W C 545.9 -34.2 1494.2 341.6 1430.4 1106.1 743.0 1062.0 228.9 815.8 161.7 1613.0
W E -0.504 99.9 69.5 -2.958 110.4 210.6 -2.467 110.3 251.6 -0.554 176.7 110.4 -0.488 117.0 107.6 -0.019 273.1 135.2
D C 848.2 -429.4 1172.2 252.8 550.1 540.9 358.9 1316.4 -4.2 609.6
F 586.152381 335.686886 0.527781
E -2.661587 40.064783 62.388867 0.214425
W C 545.8 -34.4 1494.7 344.5 1430.3 1107.8 744.0 1062.3 229.9 817.2 163.3 1614.1
W E -0.505 99.8 69.4 -2.960 108.7 206.5 -2.467 108.6 246.9 -0.555 173.1 108.7 -0.490 115.6 105.5 -0.008 265.8 132.3
D C 833.9 -428.6 1149.7 255.4 535.0 545.7 342.8 1320.9 -21.1 610.9
F 586.034424 335.598312 0.528601
E -2.663783 39.890105 61.400367 0.191094
W C 545.8 -34.4 1494.6 345.7 1430.0 1108.2 744.3 1062.0 230.1 818.0 164.4 1614.8
W E -0.506 99.8 69.4 -2.961 107.1 202.8 -2.466 107.0 242.6 -0.556 169.9 107.1 -0.490 114.3 103.6 0.001 259.5 129.6
D C 801.3 -430.7 1119.8 252.3 506.2 542.3 317.0 1321.4 -51.5 614.4
F 624.871935 357.963922 0.528752
E -2.666042 41.196835 65.264192 0.205872
W C 545.7 -34.4 1494.0 346.9 1429.8 1108.4 744.5 1061.6 230.2 818.6 165.4 1615.5
W E -0.507 99.8 69.3 -2.962 105.6 199.2 -2.466 105.5 238.5 -0.557 166.9 105.5 -0.486 113.1 101.8 0.010 253.6 127.1
D C 743.2 -420.3 1069.2 254.8 450.7 543.2 262.7 1326.0 -104.8 612.2
F 663.088408 380.605158 0.531389
E -2.667904 42.439088 69.203082 0.212636
W C 545.6 -34.5 1494.0 349.2 1429.9 1109.4 745.3 1061.6 230.6 819.5 166.9 1616.0
W E -0.507 99.8 69.3 -2.963 104.2 195.7 -2.466 104.1 234.5 -0.560 163.9 104.0 -0.479 112.0 100.1 0.018 248.2 124.8
D C 724.6 -421.6 1054.6 251.3 437.8 541.0 248.2 1316.0 -122.5 613.4
F 701.509134 403.261027 0.534117
E -2.668937 43.630651 73.196347 0.215924
W C 545.4 -34.5 1494.0 351.3 1429.9 1110.3 746.2 1061.5 231.0 820.5 167.9 1616.7
W E -0.508 99.8 69.3 -2.963 102.8 192.3 -2.466 102.7 230.6 -0.563 161.2 102.6 -0.471 111.0 98.5 0.026 243.1 122.7
D C 681.4 -422.0 1006.0 252.8 390.4 541.0 199.3 1322.5 -167.7 618.9
F 701.557731 402.874770 0.532838
E -2.669579 43.427356 72.385527 0.192975
W C 545.3 -34.6 1493.6 352.6 1429.8 1110.6 746.6 1061.3 231.2 821.2 169.1 1617.0
W E -0.508 99.8 69.3 -2.964 101.5 189.3 -2.466 101.4 227.0 -0.566 158.7 101.2 -0.463 110.0 97.0 0.033 238.6 120.7
D C 664.2 -417.0 990.9 255.5 375.1 544.0 182.3 1319.4 -184.1 619.0
F 740.003740 425.110972 0.530702
E -2.669237 44.604755 76.354763 0.211672
W C 545.2 -34.6 1493.6 354.2 1429.7 1111.3 747.4 1061.2 231.2 821.2 170.3 1617.6
W E -0.508 99.7 69.2 -2.964 100.3 186.4 -2.465 100.1 223.7 -0.570 156.4 99.9 -0.468 109.9 96.9 0.040 234.5 118.9
D C 632.6 -416.4 954.7 261.8 340.5 546.0 145.9 1324.3
F 778.334510 447.502242 0.532601
E -2.668220 45.741262 80.454503 0.221118
W C 545.1 -34.6 1493.7 356.2 1429.8 1112.2 748.6 1061.4 231.2 821.2 171.6 1618.3
W E -0.508 99.7 69.2 -2.964 99.1 183.7 -2.465 99.0 220.5 -0.574 154.2 98.5 -0.472 109.9 96.8 0.047 230.6 117.2
D C 600.0 -416.4 924.3 259.6 313.0 545.7 117.1 1324.1
F 816.502256 469.787981 0.531965
E -2.666993 46.825006 84.618455 0.225724
W C 545.0 -34.7 1494.0 358.5 1430.2 1113.2 750.2 1061.6 231.2 821.1 172.6 1619.2
W E -0.509 99.7 69.2 -2.964 98.0 181.1 -2.465 97.8 217.3 -0.578 152.3 97.2 -0.474 109.8 96.8 0.053 227.0 115.7
D C 565.1 -415.8 892.5 259.6 281.0 546.6 85.1 1335.0
F 855.001189 491.855361 0.530473
E -2.665593 47.866560 88.830240 0.228207
W C 544.8 -34.7 1494.2 360.6 1430.4 1114.1 751.7 1061.9 231.3 821.1 173.8 1619.9
W E -0.509 99.7 69.2 -2.963 96.9 178.5 -2.466 96.7 214.3 -0.583 150.4 95.9 -0.475 109.8 96.8 0.058 223.6 114.3
D C 518.1 -408.9 845.8 268.6 232.5 552.9 27.6 1332.7
F 854.820022 491.406380 0.529821
E -2.665777 47.637688 88.061778 0.205310
W C 544.7 -34.7 1494.3 362.0 1430.5 1114.7 752.5 1062.1 231.3 821.0 174.7 1620.6
W E -0.509 99.7 69.2 -2.962 95.8 176.3 -2.466 95.7 211.5 -0.588 148.8 94.7 -0.476 109.8 96.7 0.063 220.5 112.9
D C 506.2 -414.8 830.8 263.9 219.6 550.2 23.5 1330.5
F 893.009348 513.389696 0.529443
E -2.664744 48.635451 92.164486 0.218997
W C 544.6 -34.8 1494.6 363.8 1430.8 1115.4 753.8 1062.4 231.3 821.0 175.5 1621.3
W E -0.509 99.7 69.2 -2.961 94.8 174.2 -2.466 94.7 208.9 -0.592 147.3 93.5 -0.477 109.8 96.7 0.068 217.6 111.7
D C 477.6 -411.3 797.6 264.2 186.2 548.0 -17.4 1336.7
F 931.008099 535.524048 0.533000
E -2.663531 49.592140 96.363199 0.225906
W C 544.4 -34.8 1495.2 366.0 1431.1 1116.2 755.3 1062.9 231.3 820.9 176.4 1622.0
W E -0.509 99.7 69.2 -2.959 93.8 172.1 -2.467 93.7 206.3 -0.596 145.9 92.3 -0.478 109.7 96.7 0.073 214.8 110.5
D C 442.9 -413.4 768.5 265.0 157.6 551.3 -42.1 1337.7
F 968.846983 557.451640 0.532450
E -2.662221 50.497723 100.607104 0.229347
W C 544.2 -34.9 1496.0 368.5 1431.7 1117.0 757.0 1063.5 231.3 820.8 177.4 1622.8
W E -0.509 99.7 69.2 -2.956 92.8 170.2 -2.467 92.8 203.7 -0.600 144.7 91.1 -0.479 109.7 96.7 0.077 212.2 109.5
D C 412.3 -411.7 732.1 265.1 123.6 552.2 -83.4 1341.0
F 968.416307 556.731452 0.532198
E -2.662149 50.220172 99.896079 0.206944
W C 544.1 -34.9 1496.5 370.0 1432.0 1117.6 758.2 1064.0 231.3 820.8 178.0 1623.4
W E -0.509 99.7 69.2 -2.955 91.9 168.5 -2.468 91.9 201.5 -0.604 143.6 90.0 -0.479 109.7 96.7 0.081 209.9 108.4
D C 396.0 -412.7 718.6 267.7 109.5 552.9 -99.9 1340.5
F 1006.689106 578.679742 0.532731
E -2.660976 51.109354 104.084263 0.221050
W C 544.0 -34.9 1497.1 371.2 1432.2 1118.2 759.3 1064.4 231.3 820.7 178.4 1624.0
W E -0.509 99.7 69.2 -2.952 90.9 166.9 -2.469 91.1 199.3 -0.606 142.5 88.8 -0.480 109.7 96.7 0.084 207.6 107.5
D C 351.1 -414.0 669.9 270.9 62.8 555.0 -150.2 1344.9
F 1044.682846 600.472970 0.531194
E -2.659816 51.948436 108.357734 0.228090
W C 543.8 -35.0 1498.0 372.8 1432.6 1118.8 760.6 1065.0 231.4 820.7 178.7 1624.8
W E -0.510 99.7 69.1 -2.949 90.0 165.4 -2.470 90.2 197.2 -0.609 141.6 87.7 -0.481 109.7 96.7 0.088 205.5 106.6
D C 320.9 -415.8 639.9 270.2 31.9 553.6 -180.6 1353.2
F 1082.446469 622.255905 0.532573
E -2.658629 52.747249 112.706344 0.231898
W C 543.6 -35.0 1499.3 374.8 1433.2 1119.5 761.9 1065.9 231.3 820.6 179.5 1625.4
W E -0.510 99.7 69.1 -2.946 89.0 164.0 -2.471 89.4 195.2 -0.610 140.8 86.7 -0.482 109.6 96.7 0.091 203.5 105.8
D C 291.5 -415.9 612.0 274.1 1.3 557.3 -209.2 1346.5
F 1120.423004 643.855742 0.531106
E -2.656496 53.534690 117.396324 0.242001
W C 543.4 -35.1 1500.9 376.7 1434.3 1120.0 763.4 1067.2 231.2 820.5 179.7 1625.3
W E -0.510 99.7 69.1 -2.944 88.0 163.0 -2.472 88.6 193.5 -0.610 140.1 85.7 -0.482 109.6 96.7 0.090 203.2 105.8
D C 259.1 -419.8 579.9 274.8 -29.7 560.6
F 1120.308462 643.054676 0.528490
E -2.655963 53.190006 116.778724 0.222239
W C 543.3 -35.1 1501.4 376.9 1434.3 1120.5 763.8 1067.7 231.2 820.5 180.1 1625.3
W E -0.510 99.7 69.1 -2.942 87.1 162.0 -2.473 87.9 192.0 -0.610 139.4 84.8 -0.482 109.6 96.7 0.090 203.0 105.8
D C 214.4 -418.7 534.3 275.6 -76.7 561.9
F 1158.302825 664.476337 0.527803
E -2.654317 53.949862 121.419997 0.237850
W C 543.2 -35.1 1502.6 378.0 1435.1 1120.9 764.6 1068.7 231.1 820.4 180.3 1625.3
W E -0.510 99.7 69.1 -2.940 86.1 161.2 -2.474 87.1 190.7 -0.610 138.8 84.0 -0.483 109.6 96.7 0.090 202.8 105.8
D C 201.0 -417.5 520.5 278.7 -95.3 567.1
F 1196.404760 685.736906 0.523109
E -2.652954 54.663802 126.207356 0.246916
W C 543.1 -35.1 1503.9 378.7 1435.7 1121.3 765.2 1069.6 231.1 820.3 180.4 1625.2
W E -0.510 99.7 69.1 -2.938 85.2 160.4 -2.475 86.4 189.4 -0.609 138.2 83.2 -0.483 109.6 96.7 0.090 202.7 105.8
D C 156.5 -420.1 471.2 282.9 -139.0 568.0
F 1233.779558 706.656523 0.523181
E -2.651985 55.333795 131.110815 0.252524
W C 542.9 -35.1 1506.1 379.9 1436.8 1121.6 765.9 1071.0 230.9 820.2 180.4 1625.1
W E -0.510 99.7 69.1 -2.937 84.2 159.7 -2.476 85.6 188.3 -0.608 137.7 82.5 -0.484 109.6 96.7 0.090 202.5 105.8
D C 142.9 -418.5 452.7 285.2 -155.2 572.6
F 1233.577360 705.567374 0.517155
E -2.651568 55.036582 130.537827 0.236896
W C 542.9 -35.1 1507.0 380.4 1437.6 1122.0 765.9 1071.1 230.8 820.2 180.3 1625.1
W E -0.510 99.7 69.1 -2.937 83.3 159.2 -2.477 85.0 187.5 -0.609 137.6 82.4 -0.484 109.6 96.7 0.090 202.5 105.8
D C 110.2 -416.7 423.6 285.4
F 1272.394762 726.645562 0.509010
E -2.650374 55.815344 135.630653 0.255426
W C 542.8 -35.1 1507.8 380.7 1438.3 1122.3 765.8 1071.1 230.7 820.2 180.2 1625.1
W E -0.510 99.7 69.1 -2.937 82.5 158.7 -2.478 84.3 186.8 -0.610 137.5 82.3 -0.484 109.6 96.7 0.090 202.4 105.8
D C 66.5 -419.3 375.4 287.9
F 1310.686897 747.380156 0.503973
E -2.649687 56.541494 140.925844 0.267511
W C 542.8 -35.1 1509.5 381.2 1439.8 1122.7 765.3 1071.2 230.5 820.1 179.6 1625.1
W E -0.510 99.7 69.1 -2.938 81.6 158.3 -2.478 83.6 186.2 -0.611 137.5 82.3 -0.485 109.6 96.7 0.090 202.3 105.8
D C 49.9 -423.1 356.3 291.0
F 1349.010069 768.071589 0.497152
E -2.649804 57.209176 146.403869 0.275813
W C 542.7 -35.1 1511.0 381.6 1441.3 1123.1 764.8 1071.1 230.3 820.1 179.1 1625.0
W E -0.510 99.7 69.1 -2.939 80.8 157.9 -2.479 82.9 185.7 -0.612 137.4 82.2 -0.485 109.6 96.7 0.090 202.3 105.8
D C 4.2 -422.5 309.2 293.0
F 1348.474280 767.502409 0.494194
E -2.650683 56.847740 145.719186 0.257437
W C 542.7 -35.1 1511.9 381.6 1442.1 1123.6 764.5 1071.1 230.2 820.0 178.8 1625.0
W E -0.510 99.7 69.1 -2.940 80.0 157.6 -2.479 82.3 185.3 -0.613 137.4 82.2 -0.485 109.6 96.6 0.090 202.2 105.8
D C -11.4 -425.9 290.8 293.1
F 1386.924463 788.230003 0.493035
E -2.651217 57.508083 151.283125 0.271888
W C 542.6 -35.1 1513.1 381.7 1443.3 1124.3 764.0 1071.1 230.0 820.0 178.4 1624.9
W E -0.510 99.7 69.1 -2.941 79.3 157.3 -2.479 81.6 184.9 -0.614 137.3 82.1 -0.486 109.6 96.6 0.090 202.2 105.8
D C -39.0 -426.5 257.8 295.7
F 1425.517098 808.881215 0.488622
E -2.652399 58.097303 157.095958 0.282131
W C 542.6 -35.1 1514.2 381.6 1444.3 1125.1 763.6 1071.1 229.9 819.9 178.0 1624.9
W E -0.510 99.7 69.1 -2.943 78.7 157.0 -2.479 80.9 184.7 -0.614 137.3 82.1 -0.486 109.6 96.6 0.090 202.1 105.8
D C -86.6 -430.1 204.9 297.1
F 1462.687845 830.117160 0.502791
E -2.653725 58.628844 163.180932 0.290612
W C 542.5 -35.0 1516.1 381.4 1446.0 1126.6 762.8 1071.0 229.6 819.9 177.3 1624.8
W E -0.510 99.7 69.1 -2.945 78.1 156.7 -2.478 80.0 184.4 -0.615 137.2 82.0 -0.486 109.6 96.6 0.090 202.1 105.8
D C -102.3 -432.3 187.1 295.9
F 1498.620132 852.935516 0.577367
E -2.653028 59.409978 169.472796 0.305372
W C 542.5 -35.0 1518.1 380.8 1446.9 1127.9 762.1 1071.0 229.4 819.8 176.5 1624.7
W E -0.510 99.7 69.1 -2.947 77.6 156.4 -2.477 79.1 184.2 -0.615 137.2 82.0 -0.486 109.6 96.6 0.090 202.0 105.8
D C -146.8 -436.5 137.0 299.6
F 1498.215385 851.111740 0.563749
E -2.653907 58.914285 168.714468 0.285704
W C 542.4 -35.0 1519.5 380.3 1447.5 1128.8 761.6 1071.0 229.2 819.8 176.0 1624.6
W E -0.510 99.7 69.1 -2.949 77.2 156.2 -2.476 78.3 184.0 -0.616 137.1 82.0 -0.487 109.6 96.6 0.090 202.0 105.8
D C -165.7 -434.5 126.2 295.0
F 1532.890528 879.246980 0.662651
E -2.651784 59.881222 175.565509 0.316587
W C 542.4 -35.0 1519.5 380.1 1447.9 1129.8 761.6 1071.0 229.2 819.7 176.1 1624.6
W E -0.510 99.7 69.1 -2.948 77.2 156.1 -2.474 77.5 183.9 -0.616 137.1 82.0 -0.487 109.6 96.6 0.090 202.0 105.8
D C 111.4 279.3
F 1564.864891 910.040899 0.763279
E -2.646905 60.592765 180.949932 0.319515
W C 542.4 -35.0 1519.4 379.4 1448.8 1130.4 761.8 1070.8 229.3 819.7 174.9 1624.8
W E -0.510 99.7 69.1 -2.947 76.9 155.9 -2.476 75.9 183.0 -0.616 137.1 82.0 -0.487 109.6 96.6 0.093 199.4 105.4
D C 87.3 262.1 -513.4 1503.6
F 1593.683953 942.455401 0.858240
E -2.637515 61.056367 186.284145 0.323881
W C 542.3 -35.1 1518.9 378.5 1450.5 1131.9 762.0 1070.7 229.3 819.7 173.9 1624.3
W E -0.510 99.7 69.1 -2.945 76.7 155.7 -2.477 74.2 182.2 -0.617 137.0 81.9 -0.487 109.5 96.6 0.096 197.2 105.0
D C 78.5 256.7 -485.0 1510.9
F 1619.381605 977.044430 0.952766
E -2.623901 61.399251 191.470144 0.329352
W C 542.2 -35.1 1518.4 377.5 1452.1 1133.6 762.2 1070.6 229.4 819.7 172.8 1623.8
W E -0.510 99.7 69.1 -2.943 76.5 155.5 -2.476 72.4 181.5 -0.617 136.9 81.9 -0.487 109.5 96.6 0.099 195.3 104.7
D C 53.9 237.6 -385.1 1552.8
F 1619.803096 975.703149 0.951456
E -2.624726 61.051130 189.684713 0.305604
W C 542.2 -35.1 1518.1 377.0 1453.1 1134.2 762.4 1070.5 229.4 819.6 172.0 1623.5
W E -0.510 99.7 69.1 -2.941 76.4 155.3 -2.476 71.0 181.0 -0.618 136.9 81.9 -0.488 109.5 96.6 0.102 193.7 104.5
D C 44.0 233.1 -357.2 1562.8
F 1642.177366 1012.493607 1.046099
E -2.608428 61.415455 194.586176 0.320592
W C 542.1 -35.1 1517.7 376.3 1454.2 1135.3 762.6 1070.4 229.4 819.6 171.2 1623.2
W E -0.510 99.7 69.1 -2.939 76.2 155.1 -2.475 69.5 180.5 -0.618 136.8 81.9 -0.488 109.5 96.6 0.105 192.3 104.2
D C 28.3 225.5 -276.6 1587.1
F 1660.066269 1052.726776 1.149667
E -2.585987 62.035858 201.126371 0.356450
W C 542.1 -35.2 1517.4 375.6 1454.6 1136.9 762.7 1070.3 229.5 819.6 171.5 1623.1
W E -0.510 99.7 69.1 -2.938 76.1 155.0 -2.472 68.7 180.3 -0.618 136.8 81.9 -0.488 109.5 96.6 0.105 192.3 104.2
D C 12.0 220.5
F 1673.348778 1093.322302 1.254145
E -2.558055 63.127663 207.792982 0.387461
W C 542.1 -35.2 1517.1 374.9 1454.9 1138.6 762.9 1070.2 229.5 819.6 172.0 1623.1
W E -0.510 99.7 69.1 -2.937 76.0 154.9 -2.469 68.1 180.0 -0.618 136.8 81.9 -0.488 109.5 96.6 0.105 192.2 104.2
D C -3.5 218.5
F 1682.756349 1136.161577 1.351281
E -2.523493 65.094215 214.832732 0.416172
W C 542.0 -35.2 1516.9 374.5 1455.0 1139.5 763.1 1070.1 229.6 819.6 172.5 1623.2
W E -0.510 99.7 69.1 -2.936 75.9 154.9 -2.467 67.7 179.8 -0.618 136.8 81.9 -0.488 109.5 96.6 0.105 192.1 104.2
D C -31.5 220.8
F 1682.756349 1136.161577 1.351281
E -2.523493 65.094215 214.832732 0.416172
W C 542.0 -35.2 1516.9 374.5 1455.0 1139.5 763.1 1070.1 229.6 819.6 172.5 1623.2
W E -0.510 99.7 69.1 -2.936 75.9 154.9 -2.467 67.7 179.8 -0.618 136.8 81.9 -0.488 109.5 96.6 0.105 192.1 104.2
D C
F 1691.527158 1176.693080 1.486147
E -2.494676 67.921411 217.996417 0.409825
W C 542.0 -35.2 1516.3 373.9 1456.5 1140.2 763.2 1070.1 229.6 819.6 171.4 1622.3
W E -0.510 99.7 69.1 -2.935 75.8 154.8 -2.468 67.1 179.5 -0.619 136.8 81.9 -0.488 109.5 96.6 0.108 190.9 104.1
D C 122.1 1605.2
F 1695.183259 1216.299108 1.624891
E -2.466494 71.064769 220.464527 0.407588
W C 542.0 -35.2 1515.9 373.5 1457.8 1140.9 763.3 1070.1 229.6 819.6 170.8 1621.6
W E -0.510 99.7 69.1 -2.935 75.8 154.7 -2.470 66.8 179.2 -0.619 136.7 81.9 -0.488 109.5 96.6 0.111 189.8 104.0
D C 253.5 1583.1
F 1677.598376 1259.079155 1.855544
E -2.437325 74.320585 223.199402 0.407035
W C 541.9 -35.3 1516.3 372.3 1459.3 1138.7 764.4 1069.8 227.4 821.2 171.0 1620.6
W E -0.510 99.7 69.1 -2.935 75.8 154.6 -2.471 66.5 178.9 -0.620 136.7 81.8 -0.509 109.0 96.1 0.109 189.4 103.9
D C 310.7 1567.9
F 1686.767040 1257.217834 1.797953
E -2.452012 71.929436 219.743412 0.343086
W C 541.9 -35.3 1516.1 372.5 1459.3 1140.1 765.1 1068.4 227.3 821.8 170.5 1620.1
W E -0.510 99.7 69.1 -2.934 75.7 154.5 -2.472 66.1 178.5 -0.620 136.2 81.4 -0.509 109.0 96.1 0.111 188.3 103.7
D C 493.5 1497.5 -73.5 911.2
F 1679.948645 1294.211776 1.886081
E -2.430474 73.376090 220.166484 0.333348
W C 541.9 -35.3 1516.0 372.6 1459.2 1141.2 766.1 1067.4 227.3 822.2 169.8 1619.5
W E -0.510 99.7 69.1 -2.933 75.7 154.4 -2.474 65.9 178.1 -0.621 135.9 81.1 -0.508 109.0 96.1 0.112 187.3 103.5
D C 546.3 1473.2 -45.1 905.1
F 1667.649853 1332.068900 1.981071
E -2.413579 73.930441 219.449263 0.310198
W C 541.9 -35.3 1515.8 373.1 1458.5 1142.1 766.6 1067.6 227.9 821.5 169.3 1619.6
W E -0.510 99.7 69.1 -2.932 75.6 154.2 -2.477 65.6 177.5 -0.622 135.4 80.7 -0.528 108.5 95.6 0.111 186.0 103.2
D C 718.3 1366.3 51.8 899.4 -70.7 1510.6
F 1648.946645 1367.525812 2.093066
E -2.391229 75.295881 219.633629 0.314793
W C 541.9 -35.3 1515.8 373.1 1458.3 1142.3 767.5 1067.4 227.9 821.8 168.4 1618.9
W E -0.510 99.7 69.1 -2.932 75.6 154.1 -2.478 65.4 177.3 -0.623 135.1 80.3 -0.527 108.5 95.6 0.112 185.1 103.0
D C 821.0 1281.3 108.2 882.4
F 1649.680498 1368.061294 2.082194
E -2.397671 73.869181 218.148541 0.285309
W C 541.9 -35.3 1515.8 373.1 1457.9 1142.4 768.2 1067.5 227.9 821.9 168.0 1618.4
W E -0.510 99.7 69.1 -2.931 75.6 154.1 -2.479 65.3 177.0 -0.624 134.8 80.0 -0.527 108.5 95.5 0.113 184.3 102.9
D C 865.4 1230.7 138.0 879.0
F 1623.660660 1400.603492 2.219928
E -2.374714 75.077412 218.210799 0.302040
W C 541.9 -35.3 1515.9 373.2 1457.6 1142.4 768.8 1067.7 227.9 822.0 167.5 1618.0
W E -0.510 99.7 69.1 -2.931 75.5 154.0 -2.480 65.1 176.8 -0.625 134.5 79.7 -0.527 108.5 95.5 0.113 183.5 102.7
D C 990.5 1087.7 221.3 842.1
F 1596.837417 1429.775080 2.328868
E -0.781139 217.716103 76.391787 0.307263
W C 541.9 -35.3 1515.9 373.1 1457.5 1142.3 769.6 1067.9 227.9 822.1 166.7 1617.4
W E -0.510 99.7 69.1 -2.930 75.5 154.0 -2.481 65.0 176.6 -0.625 134.3 79.4 -0.527 108.5 95.5 0.114 182.8 102.5
D C 1034.3 1035.8 249.3 824.2
F 1564.526941 1456.291555 2.461420
E -0.757333 216.865354 77.946086 0.315092
W C 541.9 -35.3 1515.9 373.1 1457.3 1142.3 770.2 1068.2 227.8 822.2 166.2 1616.8
W E -0.510 99.7 69.1 -2.930 75.5 153.9 -2.482 64.9 176.4 -0.626 134.0 79.1 -0.527 108.5 95.5 0.114 182.1 102.4
D C 1117.9 868.2 321.9 778.7
F 1530.924484 1478.658727 2.578749
E -0.734519 215.503604 79.485577 0.316193
W C 541.9 -35.3 1515.9 373.0 1457.2 1142.1 770.8 1068.6 227.8 822.2 165.5 1616.2
W E -0.510 99.7 69.1 -2.929 75.5 153.9 -2.483 64.8 176.3 -0.626 133.8 78.8 -0.528 108.5 95.5 0.115 181.4 102.2
D C 1169.4 756.9 368.4 738.9
F 1531.041000 1479.286900 2.570968
E -0.739017 214.559353 77.796923 0.285342
W C 541.9 -35.3 1515.9 372.9 1457.0 1142.0 771.3 1068.9 227.8 822.2 165.1 1615.7
W E -0.510 99.7 69.1 -2.929 75.4 153.8 -2.483 64.7 176.2 -0.627 133.6 78.5 -0.528 108.5 95.5 0.115 180.8 102.0
D C 1186.4 692.7 388.9 718.3
F 1492.173337 1495.606751 2.713466
E -0.716260 212.941394 79.145135 0.300682
W C 541.9 -35.3 1515.9 372.9 1456.8 1141.9 771.9 1069.4 227.8 822.2 164.7 1615.2
W E -0.510 99.7 69.1 -2.929 75.4 153.8 -2.484 64.7 176.0 -0.627 133.3 78.3 -0.528 108.5 95.5 0.115 180.3 101.8
D C 1228.1 496.6 441.6 640.4
F 1453.914231 1508.510806 2.835210
E -0.694472 210.774086 80.578231 0.309136
W C 541.9 -35.3 1515.9 372.8 1456.8 1141.7 772.4 1069.9 227.8 822.2 164.0 1614.6
W E -0.510 99.7 69.1 -2.928 75.4 153.8 -2.485 64.6 175.9 -0.627 133.1 78.0 -0.528 108.5 95.5 0.116 179.7 101.7
D C 1241.8 441.1 458.4 619.1
F 1413.488352 1515.803713 2.963139
E -0.674047 208.209355 81.979566 0.311817
W C 541.9 -35.3 1515.8 372.6 1456.8 1141.5 772.9 1070.4 227.8 822.2 163.4 1614.0
W E -0.510 99.7 69.1 -2.928 75.4 153.7 -2.485 64.5 175.8 -0.627 132.9 77.7 -0.528 108.5 95.5 0.116 179.2 101.5
D C 1244.9 232.8 503.6 533.0
F 1411.396746 1514.764818 2.972473
E -0.676859 207.475093 80.337129 0.281674
W C 541.9 -35.3 1515.9 372.7 1456.5 1141.4 773.4 1070.9 227.7 822.2 163.3 1613.5
W E -0.510 99.7 69.1 -2.928 75.4 153.7 -2.485 64.5 175.7 -0.627 132.7 77.4 -0.528 108.5 95.5 0.116 178.7 101.3
D C 1219.6 102.2 521.9 470.9
F 1366.195832 1517.192678 3.019522
E -0.653875 204.386205 80.808829 0.272227
W C 542.1 -34.7 1515.8 371.9 1456.8 1140.4 773.8 1071.0 227.8 822.1 163.1 1612.6
W E -0.510 99.5 68.8 -2.927 75.3 153.6 -2.485 64.4 175.5 -0.624 132.3 77.1 -0.528 108.5 95.5 0.117 178.2 101.0
D C 1209.0 41.7 528.2 442.3 598.4 1583.6
F 1320.606240 1516.829076 3.055931
E -0.630818 201.056944 82.043242 0.268179
W C 542.3 -34.8 1515.1 372.4 1457.1 1140.1 774.2 1071.4 227.8 822.1 163.2 1612.1
W E -0.510 99.5 68.8 -2.929 75.2 153.2 -2.486 64.3 175.4 -0.624 132.0 76.8 -0.528 108.5 95.5 0.117 177.7 100.7
D C 1155.2 -77.2 513.9 389.1 -227.3 1102.7
F 1276.330902 1514.557431 3.087753
E -0.607692 197.726674 83.275177 0.265737
W C 542.5 -34.9 1514.5 372.7 1457.7 1139.7 774.3 1071.9 227.8 822.1 163.2 1611.6
W E -0.510 99.5 68.8 -2.930 75.0 152.8 -2.486 64.2 175.2 -0.623 131.7 76.6 -0.528 108.5 95.5 0.118 177.2 100.5
D C 1138.0 -104.2 504.8 377.4 -217.7 1107.8
F 1232.362213 1510.863920 3.120688
E -0.584727 194.412464 84.447128 0.263742
W C 542.5 -35.0 1514.2 372.7 1458.2 1139.3 774.3 1072.5 227.9 822.1 163.2 1611.2
W E -0.510 99.5 68.8 -2.932 74.9 152.4 -2.487 64.2 175.1 -0.622 131.3 76.3 -0.529 108.4 95.5 0.119 176.8 100.3
D C 1079.7 -145.8 471.7 359.5 -234.2 1119.0
F 1232.106567 1507.466180 3.137375
E -0.585260 193.446820 82.939947 0.240802
W C 542.6 -35.0 1514.0 372.9 1458.4 1139.0 774.3 1073.0 227.9 822.1 163.3 1610.8
W E -0.510 99.5 68.8 -2.933 74.8 152.1 -2.487 64.1 175.0 -0.620 131.0 76.0 -0.529 108.4 95.5 0.120 176.3 100.0
D C 1061.5 -150.0 458.2 358.1 -251.2 1114.9
F 1187.044365 1504.695454 3.153312
E -0.561822 190.072640 84.050054 0.251253
W C 542.6 -35.1 1514.0 372.9 1458.5 1138.7 774.4 1073.6 227.9 822.1 163.3 1610.4
W E -0.510 99.5 68.8 -2.934 74.7 151.7 -2.487 64.1 174.9 -0.619 130.7 75.8 -0.529 108.4 95.5 0.121 175.9 99.8
D C 1016.0 -149.9 411.8 358.0 -302.9 1118.1
F 1142.410871 1500.419107 3.167581
E -0.535914 186.709768 84.300135 0.248252
W C 542.7 -34.6 1513.9 372.5 1459.0 1137.9 774.4 1073.9 227.9 822.1 163.4 1609.8
W E -0.507 99.2 68.6 -2.935 74.5 151.3 -2.487 64.0 174.6 -0.616 130.2 75.5 -0.529 108.4 95.5 0.122 175.4 99.3
D C 985.4 -154.7 381.6 355.0 618.0 1482.2 -325.8 1120.5
F 1098.853222 1496.434617 3.180932
E -0.511252 183.452095 85.482676 0.255244
W C 542.8 -34.7 1513.8 372.3 1459.6 1137.4 774.2 1074.6 228.0 822.1 163.5 1609.4
W E -0.507 99.2 68.6 -2.937 74.4 151.0 -2.488 63.9 174.5 -0.615 129.9 75.2 -0.529 108.4 95.5 0.123 175.0 99.1
D C 965.4 -154.6 363.7 357.6 -338.5 1125.2
F 1056.423109 1493.176576 -3.097412
E -0.490457 179.735776 85.359505 0.248652
W C 542.8 -34.7 1513.6 372.0 1460.3 1136.8 773.9 1075.6 227.8 821.5 164.1 1609.5
W E -0.507 99.2 68.6 -2.938 74.2 150.6 -2.489 63.8 174.3 -0.613 129.3 74.9 -0.530 107.9 94.7 0.121 174.1 98.6
D C 920.6 -156.1 865.4 667.9 316.4 356.2 -393.2 1128.9
F 1056.157637 1492.856312 -3.097210
E -0.497022 178.565370 83.209550 0.228444
W C 542.8 -34.7 1513.5 372.0 1460.2 1136.7 773.7 1076.3 228.1 821.1 163.9 1609.3
W E -0.507 99.2 68.6 -2.938 74.2 150.5 -2.489 63.7 174.1 -0.612 128.9 74.5 -0.532 107.5 93.9 0.120 173.3 98.1
D C 887.6 -156.1 828.7 664.3 284.4 355.9
F 1011.777964 1490.418199 -3.094355
E -0.475362 175.286803 83.284708 0.242416
W C 542.8 -34.7 1513.5 371.8 1460.4 1136.6 773.4 1077.1 228.3 820.6 163.9 1609.3
W E -0.507 99.2 68.6 -2.938 74.2 150.4 -2.490 63.7 174.0 -0.611 128.4 74.2 -0.534 107.1 93.2 0.118 172.6 97.7
D C 850.6 -157.7 797.1 663.4 250.3 355.9
F 968.610191 1487.801605 -3.091825
E -0.453272 172.178402 83.412443 0.249361
W C 542.8 -34.7 1513.4 371.6 1460.7 1136.3 773.0 1077.9 228.4 820.1 164.1 1609.4
W E -0.507 99.2 68.6 -2.938 74.1 150.4 -2.491 63.6 173.8 -0.610 128.0 73.9 -0.534 106.7 92.5 0.117 171.8 97.2
D C 818.5 -162.2 765.7 657.4 220.1 357.8
F 926.593823 1484.722603 -3.085119
E -0.429994 169.183421 83.645681 0.253693
W C 542.8 -34.7 1513.3 371.1 1461.4 1135.8 772.4 1078.9 228.4 819.5 164.8 1609.6
W E -0.507 99.2 68.6 -2.938 74.1 150.3 -2.491 63.5 173.7 -0.610 127.5 73.6 -0.534 106.3 91.9 0.116 171.1 96.7
D C 802.3 -166.7 749.5 655.6 206.9 358.1
F 926.080724 1484.963273 -3.088426
E -0.436144 168.245475 81.824694 0.232735
W C 542.8 -34.7 1513.3 371.1 1461.3 1135.8 772.3 1079.4 228.7 819.0 164.4 1609.6
W E -0.507 99.2 68.6 -2.937 74.1 150.3 -2.492 63.5 173.5 -0.609 127.1 73.3 -0.534 105.9 91.3 0.115 170.5 96.2
D C 758.5 -167.3 700.8 660.0 156.1 358.9
F 882.621008 1482.541088 -3.087917
E -0.411274 165.484730 82.084093 0.245341
W C 542.8 -34.7 1513.2 370.9 1461.5 1135.6 772.0 1080.1 228.9 818.5 164.5 1609.8
W E -0.507 99.2 68.6 -2.937 74.1 150.2 -2.493 63.4 173.4 -0.609 126.7 73.0 -0.533 105.6 90.7 0.114 169.9 95.8
D C 739.3 -167.8 679.8 660.2 139.5 359.2
F 838.602821 1480.274053 -3.088454
E -0.385680 162.867378 82.466309 0.252336
W C 542.8 -34.7 1513.1 370.8 1461.7 1135.5 771.6 1080.7 229.2 817.9 164.5 1610.1
W E -0.507 99.2 68.6 -2.937 74.1 150.1 -2.493 63.4 173.3 -0.610 126.3 72.8 -0.531 105.2 90.2 0.114 169.3 95.3
D C 693.8 -171.0 631.8 664.6 94.7 360.3
F 795.564518 1477.978876 -3.087199
E -0.359763 160.426685 82.906399 0.255628
W C 542.8 -34.7 1513.0 370.6 1462.0 1135.3 771.2 1081.2 229.4 817.4 164.5 1610.3
W E -0.507 99.2 68.6 -2.937 74.1 150.1 -2.494 63.3 173.2 -0.611 125.9 72.5 -0.528 104.8 89.6 0.113 168.7 94.7
D C 666.3 -170.7 595.6 658.1 63.8 362.6
F 753.812740 1475.433366 -3.080699
E -0.332938 158.138828 83.413642 0.257645
W C 542.8 -34.7 1512.9 370.2 1462.7 1134.9 770.6 1081.7 229.6 816.9 164.9 1610.7
W E -0.507 99.2 68.6 -2.937 74.0 150.0 -2.494 63.3 173.1 -0.612 125.5 72.2 -0.525 104.4 89.1 0.112 168.2 94.2
D C 648.8 -174.7 583.1 656.4 47.9 363.1
F 753.617512 1475.760217 -3.084628
E -0.339169 157.396673 81.446153 0.235864
W C 542.8 -34.7 1512.8 370.2 1462.6 1134.9 770.5 1082.0 229.9 816.5 164.4 1610.9
W E -0.507 99.2 68.5 -2.937 74.0 150.0 -2.494 63.2 173.0 -0.613 125.2 71.9 -0.522 104.0 88.5 0.112 167.7 93.7
D C 603.7 -176.6 536.2 654.4 -0.3 365.0
F 709.597939 1473.159790 -3.071790
E -0.310945 155.297953 81.963297 0.247769
W C 542.8 -34.7 1512.8 370.1 1462.7 1134.8 770.4 1082.4 230.2 816.1 164.0 1611.0
W E -0.507 99.2 68.5 -2.937 74.0 150.0 -2.495 63.2 172.9 -0.614 124.9 71.6 -0.518 103.6 88.0 0.111 167.2 93.1
D C 570.1 -174.4 500.0 654.1 -32.9 366.1
F 665.704940 1469.126954 -3.006046
E -0.282008 153.237400 82.611261 0.262039
W C 542.8 -34.7 1512.7 369.9 1462.9 1134.6 770.2 1083.1 230.6 815.8 163.4 1610.9
W E -0.507 99.2 68.5 -2.937 74.0 149.9 -2.495 63.2 172.8 -0.616 124.7 71.3 -0.514 103.2 87.5 0.111 166.8 92.6
D C 540.6 -176.3 467.2 651.6 -64.7 364.7
F 624.115655 1461.977495 -2.896271
E -0.253572 151.115946 83.320429 0.281703
W C 542.8 -34.7 1512.6 369.6 1463.2 1134.2 769.9 1083.9 231.1 815.5 162.7 1610.7
W E -0.507 99.2 68.5 -2.937 74.0 149.9 -2.495 63.1 172.7 -0.617 124.4 71.0 -0.509 102.9 87.0 0.110 166.4 92.0
D C 495.0 -211.8 473.4 623.2 -72.1 366.8
F 624.097181 1464.570099 -2.919952
E -0.260076 150.536474 81.333707 0.252388
W C 542.8 -34.7 1512.5 369.5 1463.2 1134.1 769.8 1084.4 231.4 815.1 162.0 1610.8
W E -0.507 99.2 68.5 -2.937 74.0 149.8 -2.496 63.1 172.6 -0.618 124.2 70.7 -0.505 102.5 86.5 0.110 166.0 91.5
D C 467.3 -233.0 477.6 609.1 -77.0 367.7
F 582.903522 1449.591451 -2.780270
E -0.227874 148.172998 81.346703 0.270510
W C 543.4 -34.6 1512.3 369.1 1463.4 1133.6 769.5 1084.6 231.5 814.8 161.7 1611.2
W E -0.502 98.6 68.3 -2.937 74.0 149.7 -2.496 63.1 172.5 -0.618 123.9 70.4 -0.496 101.9 86.0 0.108 165.6 90.6
D C 384.1 -301.2 513.5 530.3 421.7 1394.0 -68.8 368.2
F 546.427716 1430.305427 -2.658104
E -0.202401 145.470931 81.140978 0.268557
W C 543.6 -34.3 1512.2 368.7 1463.5 1133.2 769.5 1084.8 231.7 814.4 161.3 1611.4
W E -0.496 98.2 68.2 -2.936 74.0 149.6 -2.496 63.0 172.3 -0.619 123.6 70.0 -0.488 101.4 85.6 0.107 165.2 89.8
D C 292.0 -357.5 542.5 445.9 577.0 1315.3 -59.0 372.3
F 513.053990 1410.215630 -2.568632
E -0.180538 142.482330 80.945061 0.264881
W C 543.8 -34.0 1512.2 368.2 1463.8 1132.7 769.4 1084.9 232.0 814.0 160.7 1611.4
W E -0.491 97.7 68.0 -2.936 74.0 149.4 -2.496 63.0 172.1 -0.619 123.3 69.6 -0.480 100.9 85.1 0.105 164.8 88.9
D C 255.9 -377.3 547.0 414.2 621.5 1275.8 -54.4 372.7
F 512.612444 1409.299924 -2.567334
E -0.186396 141.886884 79.422862 0.241093
W C 543.8 -34.0 1512.1 368.3 1463.7 1132.7 769.4 1085.4 232.2 813.5 160.2 1611.7
W E -0.491 97.6 68.0 -2.936 74.0 149.4 -2.496 63.0 172.1 -0.619 123.1 69.2 -0.475 100.5 84.7 0.104 164.5 88.4
D C 187.9 -402.9 556.5 357.8 -47.5 373.2
F 482.249690 1381.713249 -2.438885
E -0.164925 138.791014 79.485414 0.255124
W C 543.8 -33.5 1512.1 367.9 1463.9 1132.3 769.5 1085.4 232.4 812.9 159.7 1611.7
W E -0.486 97.2 67.8 -2.936 74.0 149.3 -2.496 63.0 171.9 -0.619 122.8 68.8 -0.468 99.9 84.2 0.103 164.1 87.7
D C 120.7 -424.8 560.1 299.9 791.8 1126.0 -41.8 374.4
F 455.669370 1352.028148 -2.326314
E -0.148249 135.493889 79.567592 0.259028
W C 543.7 -33.1 1512.0 367.5 1464.1 1131.9 769.7 1085.5 232.6 812.4 159.1 1611.6
W E -0.481 96.7 67.6 -2.936 74.0 149.2 -2.496 62.9 171.8 -0.619 122.5 68.4 -0.461 99.4 83.8 0.101 163.8 86.9
D C 45.3 -442.5 558.3 237.8 874.6 1034.6 -34.7 373.1
F 432.464640 1321.336461 -2.220697
E -0.139400 132.120428 80.475109 0.275716
W C 543.2 -32.9 1512.0 367.3 1464.4 1131.8 769.9 1085.8 233.1 811.8 157.6 1611.3
W E -0.481 96.7 67.6 -2.936 73.9 149.1 -2.496 62.9 171.7 -0.619 122.4 68.0 -0.458 99.0 83.4 0.101 163.5 86.5
D C 8.6 -446.6 556.9 207.5 -31.4 374.2
F 415.100751 1291.265000 -2.100118
E -0.128069 128.797334 80.403581 0.261616
W C 543.3 -32.7 1511.9 367.2 1464.8 1131.4 770.1 1085.7 232.9 811.4 157.0 1611.6
W E -0.476 96.2 67.5 -2.938 73.7 148.7 -2.496 62.9 171.6 -0.618 122.1 67.6 -0.450 98.3 83.0 0.099 163.0 85.8
D C -104.3 -453.2 534.5 120.4 998.4 846.7 194.9 1410.6 -21.0 374.8
F 417.043288 1288.874423 -2.086347
E -0.125221 127.882927 78.633916 0.222069
W C 543.3 -32.3 1511.7 366.8 1464.5 1131.0 770.7 1086.2 233.4 810.8 156.2 1611.1
W E -0.472 95.7 67.3 -2.941 73.5 148.3 -2.497 62.8 171.2 -0.616 121.8 67.1 -0.444 97.7 82.6 0.097 162.6 85.2
D C -178.0 -446.0 512.5 55.6 1055.3 725.2 322.9 1383.0 -9.3 369.3 -318.6 961.9
F 407.324082 1252.631543 -1.908730
E -0.115815 124.432065 79.216469 0.245490
W C 543.3 -31.9 1511.6 366.6 1464.2 1130.9 771.0 1086.6 233.6 810.3 156.6 1610.7
W E -0.468 95.3 67.1 -2.943 73.3 148.0 -2.497 62.6 170.9 -0.614 121.5 66.6 -0.438 97.0 82.2 0.096 162.4 84.7
D C 488.7 -19.1 1115.7 575.6 473.2 1325.7 13.1 361.8 -220.7 993.5
F 402.063057 1216.227275 -1.751587
E -0.117393 120.992363 79.466701 0.260111
W C 543.4 -31.6 1511.4 366.4 1464.3 1130.5 770.9 1087.0 233.6 809.7 156.9 1610.6
W E -0.464 94.8 67.0 -2.945 73.0 147.6 -2.497 62.6 170.8 -0.612 121.2 66.1 -0.430 96.3 81.9 0.094 162.2 84.3
D C 456.0 -83.1 1153.1 425.6 612.4 1247.4 33.3 351.8
F 404.073798 1178.840191 -1.578144
E -0.135280 117.726119 79.916602 0.277800
W C 543.5 -31.7 1511.2 366.5 1464.4 1130.4 770.9 1087.7 233.6 809.3 157.0 1610.4
W E -0.464 94.8 67.0 -2.948 72.8 147.3 -2.497 62.6 170.7 -0.611 121.1 65.7 -0.426 95.8 81.6 0.093 162.1 84.1
D C 388.3 -177.5 791.3 1096.5 58.8 334.4
F 405.863176 1176.913088 -1.566407
E -0.125261 117.123953 78.578001 0.241519
W C 543.3 -31.3 1511.0 366.2 1464.8 1130.0 771.2 1088.2 233.5 809.0 157.1 1609.6
W E -0.460 94.3 66.8 -2.950 72.6 147.0 -2.497 62.6 170.6 -0.608 120.8 65.3 -0.417 95.1 81.2 0.092 161.9 83.8
D C 361.4 -204.4 1167.8 112.3 848.8 1048.9 66.9 327.2
F 415.381714 1138.821200 -1.381759
E -0.154116 113.885598 78.250195 0.262373
W C 543.5 -31.0 1510.8 365.8 1465.1 1129.5 771.4 1088.7 233.3 808.6 157.4 1609.1
W E -0.456 93.9 66.7 -2.952 72.4 146.7 -2.497 62.6 170.5 -0.605 120.6 64.9 -0.405 94.5 80.9 0.091 161.8 83.5
D C 299.1 -257.6 1139.5 -48.1 958.3 919.4 80.4 309.7
F 429.207539 1104.003092 -1.222792
E -0.191404 111.200259 77.349052 0.267284
W C 543.7 -30.8 1510.7 365.4 1465.4 1129.1 771.3 1089.2 233.1 808.3 157.9 1608.9
W E -0.453 93.4 66.5 -2.954 72.2 146.3 -2.497 62.6 170.4 -0.602 120.3 64.5 -0.389 93.8 80.5 0.090 161.7 83.2
D C 230.0 -296.1 1093.5 -195.8 1039.4 787.0 91.0 291.0
F 446.817689 1072.402852 -1.079131
E -0.230586 109.051316 76.086040 0.266913
W C 543.9 -30.6 1510.6 364.9 1465.6 1128.7 771.2 1089.6 233.0 807.8 158.4 1608.9
W E -0.449 93.0 66.4 -2.956 72.0 146.0 -2.497 62.5 170.3 -0.598 120.0 64.1 -0.369 93.1 80.1 0.090 161.5 82.9
D C 160.0 -329.9 1025.6 -345.0 1108.0 642.3 100.3 272.9
F 466.326891 1041.271059 -1.002329
E -0.265721 107.074139 74.522641 0.257389
W C 544.0 -30.4 1510.5 364.6 1465.7 1128.6 771.0 1089.8 232.9 806.8 159.0 1609.7
W E -0.446 92.6 66.2 -2.957 71.8 145.7 -2.497 62.5 170.2 -0.594 119.7 63.7 -0.345 92.5 79.7 0.089 161.4 82.7
D C 126.2 -345.2 988.0 -411.9 1127.3 564.2 103.5 264.0
F 470.067239 1040.741730 -0.973203
E -0.255557 106.330925 73.320470 0.227898
W C 544.1 -30.2 1510.5 364.1 1465.9 1128.3 771.0 1090.3 232.8 806.7 159.1 1609.3
W E -0.443 92.2 66.1 -2.959 71.5 145.5 -2.497 62.5 170.1 -0.590 119.4 63.3 -0.323 91.9 79.3 0.088 161.3 82.5
D C 21.0 -374.4 861.3 -590.0 1181.2 351.4 111.6 238.2
F 500.573738 1005.022050 -0.926650
E -0.296256 104.345663 71.974289 0.234960
W C 544.1 -30.1 1510.4 363.8 1465.9 1128.2 771.0 1090.5 233.0 806.5 158.9 1609.0
W E -0.440 91.8 66.0 -2.961 71.3 145.2 -2.497 62.5 170.1 -0.586 119.1 63.0 -0.299 91.4 78.8 0.088 161.3 82.3
D C -50.1 -379.6 773.3 -670.2 1165.1 240.1 99.6 227.0
F 533.375765 973.359110 -0.868003
E -0.336185 102.590440 70.805856 0.230726
W C 544.4 -29.9 1510.3 363.4 1465.8 1126.9 770.8 1091.6 233.6 805.9 158.7 1609.2
W E -0.438 91.4 65.8 -2.962 71.1 144.9 -2.497 62.3 169.8 -0.580 118.6 62.6 -0.276 90.9 78.2 0.087 161.2 82.1
D C -106.3 -380.6 702.3 -697.0 1136.0 194.4 558.8 694.9 69.4 222.0
F 566.594401 943.619073 -0.822858
E -0.379277 101.317706 70.255558 0.234358
W C 544.5 -29.6 1510.2 363.1 1465.7 1126.0 770.6 1092.4 234.4 804.8 158.4 1609.4
W E -0.436 91.0 65.7 -2.963 70.9 144.7 -2.497 62.2 169.5 -0.575 118.1 62.3 -0.263 90.6 78.0 0.087 161.1 82.0
D C 638.2 -720.6 1103.8 147.3 549.8 679.4 42.0 219.2
F 570.609958 943.550815 -0.806581
E -0.381912 100.682874 69.284701 0.212483
W C 544.5 -29.3 1509.8 363.0 1465.2 1125.7 769.3 1094.6 236.1 803.3 158.1 1609.1
W E -0.434 90.7 65.5 -2.964 70.7 144.4 -2.497 62.0 169.2 -0.571 117.6 62.1 -0.252 90.4 77.9 0.086 161.1 81.9
D C 583.9 -723.9 1056.0 144.2 505.9 678.8 -5.6 223.2
F 605.327665 912.112187 -0.786954
E -0.430594 99.703187 68.840448 0.227214
W C 544.7 -29.0 1509.6 362.7 1464.9 1125.2 768.7 1095.6 237.0 802.5 158.1 1609.0
W E -0.433 90.4 65.4 -2.966 70.5 144.1 -2.496 61.9 168.9 -0.567 117.2 61.9 -0.242 90.2 77.8 0.086 161.1 81.8
D C 568.0 -722.2 1029.5 143.8 487.8 675.9 -21.7 225.9
F 639.410601 882.132548 -0.765661
E -0.479260 99.136668 68.778913 0.237366
W C 545.1 -28.9 1509.4 362.4 1464.7 1124.8 768.5 1096.2 237.4 802.2 158.1 1609.1
W E -0.432 90.0 65.3 -2.967 70.3 143.9 -2.496 61.7 168.6 -0.566 117.1 61.8 -0.235 90.1 77.8 0.086 161.0 81.7
D C 539.2 -725.9 994.3 145.1 452.1 682.3
F 673.499296 852.735315 -0.751317
E -0.528724 98.738071 68.943625 0.242498
W C 545.6 -28.9 1509.2 362.0 1464.7 1124.3 768.3 1096.6 237.5 802.1 158.1 1609.2
W E -0.431 89.7 65.1 -2.968 70.1 143.6 -2.496 61.6 168.4 -0.565 117.0 61.7 -0.230 89.9 77.7 0.086 161.0 81.7
D C 502.1 -721.1 959.5 143.1 423.8 679.6
F 674.931172 853.290019 -0.742911
E -0.535526 98.357731 67.807654 0.220599
W C 545.8 -28.7 1508.9 361.9 1464.4 1124.2 768.4 1096.7 237.9 801.8 158.2 1609.1
W E -0.431 89.4 65.0 -2.969 69.9 143.4 -2.496 61.4 168.1 -0.564 116.9 61.6 -0.225 89.9 77.6 0.086 161.0 81.6
D C 472.7 -720.6 927.4 144.1 389.9 684.6
F 708.753380 824.122197 -0.734119
E -0.585891 98.168835 67.910885 0.233483
W C 546.2 -28.5 1508.7 361.7 1464.2 1124.0 768.4 1096.7 238.0 801.6 158.3 1609.1
W E -0.430 89.1 64.8 -2.969 69.7 143.2 -2.496 61.3 167.8 -0.563 116.8 61.6 -0.221 89.8 77.6 0.086 161.0 81.5
D C 439.7 -722.3 894.6 141.8 365.5 685.0
F 742.830953 794.928764 -0.725865
E -0.637371 98.138116 68.258722 0.240750
W C 546.7 -28.5 1508.5 361.4 1464.1 1123.7 768.4 1096.8 238.0 801.7 158.4 1609.2
W E -0.430 88.7 64.7 -2.970 69.5 142.9 -2.496 61.1 167.6 -0.562 116.7 61.5 -0.217 89.7 77.5 0.086 161.0 81.5
D C 408.0 -724.1 862.3 144.8 327.5 688.2
F 776.803265 765.588047 -0.724261
E -0.689861 98.249414 68.778224 0.244414
W C 547.1 -28.4 1508.3 361.1 1464.0 1123.4 768.4 1096.9 238.1 801.7 158.6 1609.3
W E -0.430 88.4 64.6 -2.971 69.3 142.7 -2.495 61.0 167.3 -0.561 116.7 61.4 -0.213 89.6 77.5 0.086 161.0 81.4
D C 363.4 -720.5 813.0 149.4 278.9 692.8
F 810.461948 736.934314 -0.718260
E -0.743749 98.500653 69.415588 0.246251
W C 547.8 -28.6 1508.2 360.7 1464.1 1122.8 768.3 1097.1 237.9 801.9 158.7 1609.5
W E -0.431 88.1 64.5 -2.971 69.1 142.5 -2.495 60.8 167.0 -0.560 116.6 61.4 -0.209 89.6 77.5 0.086 161.0 81.4
D C 347.9 -722.6 793.1 145.8 265.8 690.5
F 843.907247 708.448770 -0.716896
E -2.369703 70.128573 98.898221 0.247197
W C 548.6 -28.8 1508.1 360.1 1464.4 1122.1 768.1 1097.3 237.6 802.3 158.8 1609.8
W E -0.432 87.8 64.3 -2.972 68.9 142.2 -2.495 60.7 166.8 -0.560 116.6 61.3 -0.206 89.5 77.4 0.086 161.0 81.3
D C 313.2 -723.1 758.5 146.6 233.0 692.6
F 844.389448 708.561614 -0.715659
E -2.367971 68.505299 98.554088 0.223986
W C 549.0 -28.7 1507.7 359.9 1464.2 1122.0 768.1 1097.3 237.7 802.2 158.9 1609.8
W E -0.432 87.5 64.2 -2.972 68.7 142.0 -2.495 60.6 166.5 -0.559 116.5 61.3 -0.203 89.4 77.4 0.086 161.0 81.2
D C 264.4 -723.1 708.3 143.7 184.1 692.2
F 878.307895 679.565262 -0.714282
E -2.422194 69.157175 99.126171 0.236426
W C 549.7 -28.8 1507.5 359.5 1464.2 1121.6 768.1 1097.4 237.6 802.4 159.0 1610.0
W E -0.433 87.1 64.1 -2.973 68.5 141.8 -2.494 60.4 166.3 -0.558 116.5 61.2 -0.200 89.4 77.3 0.086 160.9 81.2
D C 249.0 -721.9 691.2 144.6 166.4 693.4
F 912.017208 650.753210 -0.713276
E -2.477046 69.929371 99.831735 0.242624
W C 550.3 -28.8 1507.3 359.2 1464.2 1121.3 768.0 1097.6 237.5 802.5 159.2 1610.1
W E -0.434 86.8 64.0 -2.973 68.3 141.6 -2.494 60.3 166.0 -0.558 116.4 61.2 -0.197 89.3 77.3 0.085 160.9 81.2
D C 200.8 -723.4 644.3 145.2 118.3 697.5
F 946.629734 622.653715 -0.703853
E -2.531732 71.433719 100.846464 0.255745
W C 550.5 -28.9 1507.4 358.9 1464.3 1121.0 767.9 1097.6 237.4 802.6 159.2 1610.2
W E -0.436 86.7 64.0 -2.974 68.2 141.4 -2.494 60.2 165.8 -0.558 116.4 61.2 -0.196 89.3 77.3 0.085 160.9 81.1
D C 625.4 147.0 103.3 700.2
F 946.358009 622.735659 -0.705417
E -2.525621 69.690633 100.463225 0.230190
W C 551.1 -28.9 1507.1 358.6 1464.4 1120.7 767.9 1097.7 237.3 802.7 159.3 1610.3
W E -0.437 86.4 63.8 -2.974 68.0 141.2 -2.494 60.1 165.6 -0.557 116.4 61.1 -0.193 89.3 77.3 0.085 160.9 81.1
D C 153.4 -722.0 592.6 145.0 75.1 701.7
F 981.198074 594.032131 -0.695899
E -2.578661 71.127712 101.655458 0.248918
W C 551.2 -28.9 1507.1 358.6 1464.2 1120.8 767.9 1097.7 237.3 802.7 159.3 1610.4
W E -0.438 86.3 63.8 -2.975 67.8 141.0 -2.494 60.0 165.4 -0.557 116.4 61.1 -0.192 89.2 77.2 0.085 160.9 81.1
D C 548.2 148.5 25.4 704.5
F 1014.920107 568.068232 -0.585421
E -2.625881 72.174612 103.554389 0.271068
W C 552.3 -29.4 1506.7 358.2 1464.2 1120.4 767.7 1098.2 237.0 803.2 159.5 1610.9
W E -0.439 86.0 63.7 -2.975 67.6 140.8 -2.493 59.8 165.2 -0.557 116.3 61.0 -0.190 89.2 77.2 0.085 160.9 81.0
D C 94.8 -727.4 530.3 145.4 6.0 704.9
F 1046.879978 549.217805 -0.428125
E -2.645984 73.464049 106.263304 0.303584
W C 553.5 -30.0 1506.3 357.9 1464.2 1119.9 767.5 1098.7 236.8 803.6 159.6 1611.3
W E -0.441 85.7 63.6 -2.975 67.5 140.6 -2.493 59.7 165.0 -0.556 116.3 61.0 -0.188 89.2 77.2 0.085 160.9 81.0
D C -17.4 -730.3 501.2 85.8 46.7 697.9
F 1072.106431 535.588611 -0.333588
E -2.662545 74.086275 108.235012 0.299808
W C 554.7 -30.6 1506.0 357.7 1464.2 1119.5 767.2 1099.2 236.5 804.1 159.7 1611.9
W E -0.443 85.4 63.5 -2.975 67.3 140.4 -2.493 59.6 164.8 -0.555 116.3 61.0 -0.185 89.1 77.2 0.085 160.9 81.0
D C -69.5 -734.5 488.2 51.5 80.8 694.3
F 1070.963503 535.691822 -0.345896
E -2.656684 72.617975 107.678182 0.259183
W C 555.6 -30.9 1505.7 357.4 1464.1 1119.4 767.0 1099.6 236.2 804.4 159.7 1612.2
W E -0.445 85.1 63.4 -2.975 67.1 140.2 -2.492 59.5 164.6 -0.555 116.2 60.9 -0.183 89.1 77.1 0.085 160.9 80.9
D C -201.2 -720.6 470.1 -31.4 163.9 665.1
F 1102.911968 532.590335 -0.153023
E -2.669460 73.504056 109.746254 0.286372
W C 556.5 -31.3 1505.4 357.0 1464.0 1119.2 766.7 1099.9 236.0 804.7 159.7 1612.5
W E -0.447 84.8 63.3 -2.975 66.9 140.0 -2.492 59.4 164.4 -0.554 116.2 60.9 -0.181 89.0 77.1 0.085 160.9 80.9
D C -325.3 -689.0 438.1 -100.9 236.4 637.5
F 1135.057674 535.226259 0.044353
E -2.681407 74.708553 111.981789 0.308129
W C 556.1 -31.1 1505.7 357.0 1463.9 1119.1 766.8 1099.8 236.1 804.7 159.7 1612.4
W E -0.448 84.7 63.3 -2.975 66.8 139.8 -2.492 59.3 164.3 -0.554 116.2 60.9 -0.181 89.0 77.1 0.085 160.9 80.9
D C 394.8 -176.1 312.9 586.5
F 1166.349762 545.630006 0.258515
E -2.693056 75.783310 114.385802 0.319036
W C 555.9 -31.0 1506.0 356.9 1463.8 1119.1 766.8 1099.8 236.1 804.7 159.8 1612.4
W E -0.449 84.6 63.3 -2.976 66.6 139.7 -2.492 59.2 164.1 -0.554 116.2 60.9 -0.180 89.0 77.1 0.085 160.9 80.9
D C 305.4 -271.4 408.1 491.9
F 1166.633002 546.890250 0.268983
E -2.688821 74.676181 113.983620 0.282170
W C 556.1 -31.0 1506.0 356.7 1463.6 1119.2 766.8 1099.9 236.1 804.7 159.8 1612.4
W E -0.450 84.6 63.3 -2.976 66.5 139.6 -2.492 59.1 164.0 -0.554 116.2 60.9 -0.180 89.0 77.1 0.085 160.9 80.9
D C 272.6 -298.5 432.8 455.2
F 1195.126728 565.210321 0.491388
E -2.701349 75.583973 116.349341 0.296099
W C 556.0 -30.9 1506.2 356.6 1463.6 1119.2 766.8 1099.7 236.1 804.8 159.9 1612.5
W E -0.451 84.5 63.2 -2.977 66.4 139.5 -2.492 59.0 163.8 -0.554 116.1 60.8 -0.179 89.0 77.1 0.085 160.9 80.9
D C 197.6 -343.3 477.5 375.6 -139.4 637.0
F 1218.415672 586.235724 0.677542
E -2.710234 75.770279 118.797213 0.297316
W C 555.7 -30.8 1506.6 356.5 1463.5 1119.2 766.9 1099.4 236.0 804.9 160.0 1612.5
W E -0.452 84.4 63.2 -2.977 66.3 139.4 -2.492 58.9 163.7 -0.554 116.0 60.7 -0.179 88.9 77.1 0.085 160.8 80.9
D C 121.6 -374.7 509.4 295.3 -59.8 642.2
F 1237.440718 609.650393 0.845509
E -2.713269 75.568988 121.296818 0.297364
W C 555.3 -30.6 1507.1 356.3 1463.5 1119.1 766.9 1099.2 235.8 805.0 160.0 1612.6
W E -0.453 84.4 63.2 -2.977 66.2 139.3 -2.492 58.8 163.5 -0.554 116.0 60.6 -0.178 88.9 77.1 0.085 160.8 80.9
D C 44.4 -397.5 526.6 212.9 9.4 643.2
F 1250.508735 637.344877 1.034069
E -2.710239 75.077803 123.690632 0.295415
W C 555.0 -30.5 1507.6 356.2 1463.5 1119.1 767.0 1099.0 235.7 805.1 160.0 1612.6
W E -0.454 84.3 63.2 -2.978 66.0 139.2 -2.492 58.7 163.4 -0.554 115.9 60.6 -0.177 88.9 77.1 0.085 160.8 80.9
D C -79.6 -408.3 527.6 77.0 122.2 616.6
F 1248.868948 638.005654 1.046184
E -2.713780 73.484561 123.076109 0.248717
W C 554.7 -30.5 1508.0 356.2 1463.3 1119.1 767.1 1098.7 235.5 805.6 159.9 1612.5
W E -0.455 84.3 63.2 -2.978 65.9 139.1 -2.492 58.6 163.2 -0.554 115.9 60.5 -0.179 88.7 76.9 0.085 160.8 80.8
D C -117.1 -404.9 518.4 38.6 154.2 601.9 -301.8 992.1
F 1254.716053 670.966380 1.281942
E -2.711969 73.533683 125.481870 0.279294
W C 554.7 -30.5 1508.1 356.4 1463.3 1119.1 767.1 1098.4 235.5 805.9 159.9 1612.5
W E -0.455 84.2 63.2 -2.978 65.9 139.1 -2.493 58.5 163.1 -0.554 115.8 60.4 -0.180 88.6 76.8 0.085 160.8 80.8
D C 484.2 -80.6 250.5 552.4 -114.8 1028.0
F 1257.011108 703.351795 1.467651
E -2.700766 73.051036 127.624203 0.290550
W C 554.8 -30.5 1508.0 356.3 1463.0 1119.5 767.3 1098.2 235.5 805.9 160.0 1612.5
W E -0.455 84.2 63.2 -2.978 65.9 139.0 -2.493 58.4 162.9 -0.554 115.8 60.3 -0.182 88.4 76.7 0.085 160.7 80.8
D C 463.7 -129.5 284.9 522.4 -45.0 1028.0
F 1257.410317 746.490992 1.533811
E -2.669031 72.120424 129.664936 0.272539
W C 554.8 -30.6 1508.0 356.2 1462.7 1120.0 767.4 1098.0 235.6 806.1 159.9 1612.4
W E -0.455 84.2 63.2 -2.978 65.8 139.0 -2.493 58.3 162.8 -0.554 115.7 60.1 -0.185 88.3 76.6 0.084 160.7 80.8
D C 417.6 -200.3 332.5 472.9 77.4 1016.9
F 1252.135184 747.899019 1.578374
E -2.674255 71.374332 129.125477 0.243021
W C 554.6 -30.6 1508.1 356.4 1462.9 1119.9 767.5 1097.8 235.5 806.3 159.8 1612.4
W E -0.455 84.2 63.2 -2.978 65.8 139.0 -2.493 58.2 162.6 -0.554 115.6 60.0 -0.187 88.2 76.5 0.084 160.7 80.8
D C 340.7 -282.7 370.5 402.0 195.8 988.2
F 1246.947438 792.640649 1.618516
E -2.640214 70.494976 130.971891 0.247563
W C 554.5 -30.6 1508.2 356.4 1462.8 1120.0 767.6 1097.7 235.5 806.5 159.8 1612.3
W E -0.455 84.2 63.2 -2.978 65.8 138.9 -2.494 58.1 162.5 -0.554 115.6 59.9 -0.190 88.0 76.4 0.084 160.7 80.8
D C 319.3 -281.9 353.5 402.9 185.7 984.8
F 1236.855685 837.943470 1.679240
E -2.606964 69.829104 132.583194 0.240667
W C 554.5 -30.6 1508.4 356.6 1462.4 1120.4 767.5 1097.4 235.4 806.4 160.9 1612.8
W E -0.455 84.2 63.2 -2.978 65.8 138.9 -2.494 58.0 162.3 -0.554 115.5 59.8 -0.192 87.9 76.2 0.085 160.4 80.6
D C 240.6 -305.9 991.3 835.3 327.0 374.9 198.7 971.5
F 1226.341717 881.661264 1.722936
E -2.572134 69.354716 134.036212 0.237535
W C 554.5 -30.7 1508.5 356.4 1461.9 1120.9 767.7 1097.3 235.4 806.4 161.5 1613.1
W E -0.455 84.2 63.2 -2.978 65.8 138.9 -2.494 57.9 162.1 -0.554 115.5 59.6 -0.195 87.7 76.1 0.086 160.1 80.5
D C 214.0 -309.4 977.9 824.1 314.1 371.6 186.3 971.4
F 1216.002948 923.331658 1.752303
E -2.536647 69.026779 135.356827 0.235566
W C 554.6 -30.9 1508.6 356.0 1461.4 1121.6 767.9 1097.2 235.5 806.4 161.8 1613.3
W E -0.455 84.2 63.2 -2.978 65.8 138.8 -2.494 57.8 161.9 -0.554 115.4 59.5 -0.197 87.6 76.0 0.086 159.9 80.3
D C 178.8 -306.2 951.2 821.8 285.9 373.9 158.4 970.3
F 1213.652442 924.230382 1.765838
E -2.538487 67.995707 134.609691 0.212296
W C 554.5 -30.8 1508.6 356.3 1461.3 1121.7 767.9 1097.0 235.3 806.5 162.3 1613.4
W E -0.455 84.2 63.2 -2.978 65.8 138.7 -2.494 57.7 161.7 -0.554 115.3 59.4 -0.200 87.5 75.8 0.087 159.7 80.2
D C 128.9 -302.7 907.0 823.3 235.7 375.3 107.0 971.2
F 1203.353687 967.293439 1.777984
E -2.501707 67.679221 136.011702 0.225279
W C 554.5 -30.9 1508.6 356.1 1461.0 1122.2 768.0 1096.8 235.4 806.6 162.6 1613.4
W E -0.455 84.1 63.1 -2.978 65.7 138.7 -2.494 57.6 161.5 -0.554 115.3 59.2 -0.202 87.3 75.7 0.088 159.4 80.0
D C 113.7 -302.3 890.0 822.9 222.3 376.8 94.9 971.5
F 1192.697947 1010.415698 1.786988
E -2.463807 67.546387 137.525789 0.232006
W C 554.5 -30.9 1508.6 355.9 1460.9 1122.7 768.1 1096.6 235.3 806.6 163.0 1613.4
W E -0.455 84.1 63.1 -2.978 65.7 138.6 -2.494 57.5 161.4 -0.554 115.2 59.0 -0.204 87.2 75.6 0.088 159.2 79.9
D C 66.0 -310.7 840.0 820.9 174.6 375.8 44.1 974.0
F 1182.001806 1052.176499 1.793349
E -2.425486 67.533062 139.196415 0.235693
W C 554.4 -31.0 1508.5 355.5 1460.8 1123.5 768.2 1096.3 235.4 806.6 163.3 1613.4
W E -0.455 84.1 63.1 -2.977 65.7 138.6 -2.494 57.4 161.2 -0.553 115.2 58.9 -0.207 87.1 75.4 0.089 159.0 79.8
D C 33.1 -313.4 805.3 821.5 142.7 377.7 11.2 970.1
F 1171.059440 1092.013869 1.798901
E -2.386955 67.633356 141.109354 0.238840
W C 554.2 -31.2 1508.4 354.5 1461.1 1124.6 768.3 1096.1 235.4 806.5 163.6 1613.3
W E -0.455 84.1 63.1 -2.977 65.7 138.5 -2.494 57.3 161.1 -0.552 115.1 58.7 -0.209 87.0 75.3 0.089 158.8 79.6
D C 19.5 -314.1 787.0 817.8 126.4 379.8 -3.7 969.8
F 1170.281620 1092.239471 1.799317
E -2.386785 66.256094 140.483322 0.216308
W C 554.1 -31.1 1508.4 354.7 1460.9 1125.2 768.3 1095.7 235.3 806.6 164.0 1613.3
W E -0.455 84.1 63.1 -2.977 65.7 138.5 -2.493 57.1 160.9 -0.552 115.0 58.6 -0.211 86.9 75.2 0.090 158.6 79.5
D C -32.5 -322.0 739.6 817.2 75.5 375.2 -57.4 971.4
F 1157.072660 1133.818471 1.866670
E -0.779748 142.591875 66.470325 0.237997
W C 553.9 -31.2 1508.2 354.2 1461.2 1126.1 768.4 1095.3 235.2 806.5 164.2 1613.1
W E -0.455 84.1 63.1 -2.977 65.7 138.4 -2.493 57.0 160.8 -0.551 115.0 58.4 -0.213 86.8 75.0 0.090 158.4 79.3
D C -47.5 -322.1 722.7 813.6 62.7 376.4 -69.6 973.6
F 1141.134873 1174.094872 1.936324
E -0.741456 144.710343 67.214597 0.258012
W C 553.7 -31.2 1508.0 353.9 1461.5 1127.1 768.5 1094.8 235.0 806.5 164.4 1612.9
W E -0.455 84.1 63.1 -2.976 65.7 138.4 -2.493 56.8 160.7 -0.551 114.9 58.3 -0.213 86.7 75.0 0.091 158.2 79.2
D C -112.3 -327.2 725.8 768.1 37.2 368.9
F 1121.496576 1214.814375 2.022132
E -0.702806 147.013641 68.510101 0.277695
W C 553.7 -31.2 1508.0 354.0 1461.4 1127.1 768.6 1094.7 234.9 806.7 164.4 1612.7
W E -0.455 84.1 63.1 -2.976 65.7 138.4 -2.493 56.8 160.6 -0.550 114.8 58.2 -0.213 86.7 75.0 0.091 158.1 79.1
D C 737.4 716.2 29.7 360.8
F 1121.077374 1215.539060 2.019033
E -0.705989 146.649157 67.604600 0.257462
W C 553.7 -31.2 1508.0 354.3 1461.1 1127.5 768.7 1094.5 234.8 806.7 164.8 1612.7
W E -0.455 84.1 63.1 -2.976 65.6 138.3 -2.493 56.8 160.5 -0.549 114.8 58.1 -0.213 86.7 75.0 0.092 158.0 79.0
D C 749.0 659.2 21.4 352.5
F 1097.411121 1254.136823 2.107890
E -0.666444 148.771767 68.852506 0.278328
W C 553.6 -31.2 1508.0 354.4 1460.9 1127.8 768.9 1094.3 234.7 806.8 165.0 1612.7
W E -0.455 84.1 63.1 -2.976 65.6 138.3 -2.493 56.8 160.4 -0.549 114.7 58.1 -0.213 86.7 75.0 0.093 157.8 78.9
D C 758.7 612.0 13.7 349.5
F 1071.338831 1290.777858 2.191997
E -0.624693 150.681783 70.419480 0.291271
W C 553.6 -31.1 1508.0 354.4 1460.9 1127.7 769.0 1094.4 234.7 806.8 165.0 1612.5
W E -0.455 84.1 63.1 -2.976 65.6 138.3 -2.493 56.8 160.3 -0.548 114.6 58.0 -0.213 86.7 75.0 0.093 157.7 78.8
D C 758.2 585.2 7.2 348.2
F 1042.426122 1324.486775 2.279619
E -0.582435 152.306078 72.211680 0.298951
W C 553.6 -31.1 1508.0 354.4 1460.8 1127.7 769.1 1094.5 234.7 806.8 164.9 1612.4
W E -0.455 84.1 63.1 -2.976 65.6 138.3 -2.493 56.8 160.2 -0.548 114.6 58.0 -0.213 86.7 75.0 0.094 157.6 78.7
D C 770.6 508.9 -4.5 342.3
F 1042.210553 1324.790419 2.277164
E -0.588589 151.744776 71.078767 0.274805
W C 553.6 -31.1 1508.0 354.5 1460.7 1127.9 769.2 1094.4 234.6 806.8 165.1 1612.3
W E -0.455 84.1 63.1 -2.976 65.6 138.3 -2.493 56.8 160.1 -0.547 114.5 57.9 -0.213 86.7 75.0 0.094 157.4 78.6
D C 766.6 476.4 -6.5 341.0
F 1009.061642 1355.707931 2.376670
E -0.550181 152.927482 72.160865 0.279395
W C 553.5 -31.1 1507.9 354.6 1460.4 1128.2 769.3 1094.4 234.6 806.7 165.2 1612.3
W E -0.455 84.1 63.1 -2.976 65.6 138.3 -2.493 56.8 160.0 -0.547 114.4 57.8 -0.215 86.6 74.8 0.095 157.3 78.5
D C 760.5 392.3 151.5 927.9 -23.1 337.4
F 973.625310 1382.468191 2.523000
E -0.512560 153.835336 73.310348 0.296767
W C 553.4 -31.1 1507.8 354.7 1460.2 1128.4 769.4 1094.6 234.8 806.4 165.2 1612.3
W E -0.455 84.1 63.1 -2.976 65.6 138.3 -2.493 56.8 159.9 -0.547 114.3 57.7 -0.217 86.5 74.6 0.095 157.1 78.4
D C 755.6 338.4 180.4 910.6 -30.4 337.6
F 937.665313 1405.148104 2.647053
E -0.475380 154.075856 74.427579 0.302732
W C 553.4 -31.0 1507.8 354.6 1460.1 1128.2 769.4 1095.0 235.1 806.2 165.1 1612.2
W E -0.455 84.1 63.1 -2.976 65.6 138.2 -2.493 56.8 159.8 -0.546 114.2 57.7 -0.220 86.4 74.5 0.095 157.0 78.2
D C 757.7 290.3 220.0 892.9 -24.9 334.6
F 901.145056 1421.807020 2.755558
E -0.442165 153.700316 75.330681 0.295801
W C 553.4 -31.0 1507.7 354.5 1460.1 1128.1 769.4 1095.2 235.3 806.1 164.9 1612.0
W E -0.455 84.1 63.1 -2.976 65.6 138.2 -2.493 56.8 159.8 -0.546 114.1 57.6 -0.222 86.3 74.3 0.095 156.8 78.1
D C 753.6 172.2 303.5 850.2 -19.5 330.7
F 900.311300 1422.138778 2.749703
E -0.451651 152.985112 73.693183 0.262295
W C 553.3 -31.0 1507.7 354.5 1459.9 1128.3 769.6 1095.1 235.4 806.0 164.9 1612.0
W E -0.455 84.1 63.1 -2.976 65.6 138.2 -2.493 56.8 159.7 -0.546 114.0 57.6 -0.225 86.2 74.2 0.095 156.7 78.0
D C 738.4 98.5 347.6 819.4 -20.3 325.7
F 860.357852 1432.322775 2.871234
E -0.418894 152.326343 74.404627 0.273980
W C 553.3 -31.0 1507.7 354.5 1459.7 1128.4 769.7 1095.2 235.5 806.0 164.7 1612.0
W E -0.455 84.1 63.1 -2.976 65.6 138.2 -2.493 56.8 159.7 -0.547 113.9 57.5 -0.227 86.2 74.1 0.096 156.5 77.8
D C 717.3 27.0 393.3 776.9 -18.0 321.5
F 820.594960 1438.126447 2.988286
E -0.388087 151.237870 75.139347 0.278785
W C 553.3 -31.1 1507.6 354.5 1459.7 1128.4 769.7 1095.3 235.7 805.9 164.5 1611.9
W E -0.455 84.1 63.1 -2.976 65.6 138.2 -2.493 56.8 159.6 -0.547 113.8 57.5 -0.229 86.1 73.9 0.096 156.4 77.7
D C 686.3 -48.0 429.1 732.3 -16.8 318.1
F 781.336002 1441.419369 3.094845
E -0.357883 149.769672 75.947006 0.282955
W C 553.3 -31.1 1507.6 354.4 1459.8 1128.1 769.6 1095.5 235.9 805.9 164.1 1611.8
W E -0.455 84.1 63.1 -2.976 65.6 138.2 -2.493 56.8 159.6 -0.547 113.7 57.4 -0.231 86.0 73.7 0.096 156.2 77.5
D C 674.1 -78.4 446.2 710.7 -17.8 317.5
F 739.105145 1440.093231 -3.128151
E -0.328928 147.952995 76.767238 0.272767
W C 553.3 -31.1 1507.6 354.4 1459.8 1128.0 769.5 1095.6 236.0 805.8 163.7 1611.8
W E -0.455 84.1 63.1 -2.976 65.6 138.2 -2.493 56.8 159.5 -0.548 113.6 57.3 -0.232 85.9 73.6 0.096 156.1 77.4
D C 609.6 -186.5 504.6 627.4 -14.5 310.6
F 737.617150 1436.425201 -3.107476
E -0.336745 147.334754 74.397450 0.238540
W C 553.0 -30.7 1507.6 354.1 1459.9 1127.8 769.9 1095.3 236.3 805.5 163.5 1611.6
W E -0.452 83.9 63.0 -2.976 65.6 138.2 -2.493 56.7 159.4 -0.548 113.5 57.2 -0.231 85.8 73.4 0.096 155.9 77.1
D C 563.9 -251.5 530.6 579.1 277.6 1401.2 -14.4 307.3
F 692.186746 1431.029301 -3.081418
E -0.305660 145.466672 75.197552 0.248248
W C 553.1 -30.7 1507.6 354.1 1459.8 1127.8 769.9 1095.3 236.3 805.4 163.2 1611.8
W E -0.452 83.9 63.0 -2.976 65.6 138.1 -2.493 56.7 159.4 -0.549 113.5 57.2 -0.233 85.7 73.2 0.096 155.8 76.9
D C 514.5 -280.6 518.6 548.9 -35.7 302.6
F 647.410795 1423.102194 -3.045277
E -0.275436 143.686598 76.036226 0.252880
W C 553.2 -30.8 1507.6 354.1 1459.8 1127.8 769.9 1095.2 236.2 805.4 163.1 1612.2
W E -0.452 83.9 63.0 -2.976 65.6 138.1 -2.493 56.7 159.4 -0.549 113.4 57.1 -0.234 85.7 73.1 0.097 155.6 76.8
D C 462.0 -312.3 514.2 521.3 -55.7 302.8
F 603.140884 1412.899392 -3.010143
E -0.242816 142.195694 76.451296 0.249846
W C 552.8 -30.4 1507.7 353.8 1460.0 1127.6 770.7 1095.0 236.2 804.9 162.6 1611.8
W E -0.449 83.7 62.9 -2.976 65.6 138.1 -2.493 56.7 159.3 -0.549 113.3 57.0 -0.231 85.6 72.9 0.097 155.5 76.5
D C 438.5 -324.7 505.4 512.4 343.0 1356.1
F 601.892249 1409.714169 -2.992969
E -0.247067 141.872476 74.956633 0.232002
W C 552.9 -30.5 1507.7 353.9 1459.8 1127.8 770.7 1094.9 236.2 804.8 162.4 1612.2
W E -0.449 83.7 62.9 -2.976 65.6 138.1 -2.493 56.7 159.3 -0.549 113.3 57.0 -0.231 85.5 72.7 0.097 155.4 76.3
D C 383.7 -330.5 458.1 506.2
F 557.225255 1399.550922 -2.972557
E -0.213254 140.325146 75.413373 0.240450
W C 552.7 -30.2 1507.7 353.7 1459.9 1127.6 771.0 1094.6 236.3 804.4 162.1 1612.2
W E -0.446 83.6 62.8 -2.975 65.6 138.0 -2.493 56.7 159.2 -0.549 113.3 57.0 -0.229 85.4 72.6 0.097 155.3 76.1
D C 366.5 -329.6 439.9 510.8 282.2 1358.8
F 513.497380 1389.224679 -2.958445
E -0.180722 138.844912 75.844429 0.243654
W C 552.6 -29.9 1507.7 353.5 1460.0 1127.4 771.2 1094.4 236.4 804.1 162.0 1612.2
W E -0.443 83.4 62.7 -2.975 65.6 137.9 -2.493 56.7 159.1 -0.549 113.2 56.9 -0.226 85.3 72.4 0.097 155.2 75.8
D C 314.1 -329.4 389.6 509.6 234.2 1355.6
F 469.624043 1379.477168 -2.949467
E -0.150473 137.455645 76.845939 0.254946
W C 552.7 -29.9 1507.7 353.4 1460.0 1127.3 771.3 1094.4 236.3 804.1 161.8 1612.4
W E -0.443 83.4 62.7 -2.975 65.6 137.9 -2.493 56.7 159.0 -0.549 113.2 56.9 -0.226 85.2 72.3 0.097 155.0 75.6
D C 281.4 -334.0 358.1 509.2
F 427.363945 1369.765777 -2.942344
E -0.118117 136.049779 77.492203 0.251750
W C 552.5 -29.8 1507.8 353.1 1460.4 1126.8 771.7 1094.3 236.3 804.0 161.4 1612.2
W E -0.441 83.3 62.6 -2.975 65.6 137.9 -2.493 56.7 158.9 -0.549 113.1 56.8 -0.223 85.1 72.1 0.097 154.9 75.4
D C 264.3 -331.8 342.2 513.0 188.3 1362.5
F 426.789892 1368.590930 -2.937208
E -0.121526 135.501993 76.188738 0.234049
W C 552.6 -29.8 1507.7 353.2 1460.2 1127.0 771.6 1094.2 236.4 803.8 161.2 1612.5
W E -0.441 83.3 62.6 -2.975 65.6 137.9 -2.493 56.7 158.9 -0.549 113.1 56.8 -0.223 85.0 72.0 0.097 154.8 75.2
D C 211.3 -333.1 291.9 512.5
F 382.229496 1358.549824 -2.933549
E -0.090808 134.217816 77.456872 0.250716
W C 552.6 -29.8 1507.7 353.3 1460.0 1127.2 771.5 1094.2 236.5 803.6 161.1 1612.8
W E -0.441 83.2 62.6 -2.975 65.6 137.8 -2.493 56.7 158.8 -0.549 113.1 56.8 -0.222 85.0 71.8 0.097 154.7 75.1
D C 162.4 -332.1 238.8 514.0
F 339.428887 1347.531642 -2.872158
E -0.060115 132.926675 79.203468 0.267922
W C 552.6 -29.8 1507.7 353.3 1460.1 1127.0 771.5 1094.2 236.8 803.6 160.4 1612.9
W E -0.440 83.2 62.6 -2.975 65.6 137.8 -2.493 56.7 158.8 -0.550 113.0 56.8 -0.222 84.9 71.7 0.097 154.6 75.0
D C 143.5 -331.4 221.4 517.6
F 298.624867 1336.180710 -2.819572
E -0.025429 131.418114 80.674971 0.267963
W C 552.8 -29.8 1507.7 352.8 1460.4 1126.4 771.9 1093.9 236.8 803.5 159.3 1613.2
W E -0.438 83.1 62.6 -2.975 65.6 137.8 -2.493 56.7 158.7 -0.549 113.0 56.8 -0.220 84.8 71.6 0.097 154.4 74.8
D C 109.7 -338.3 205.5 510.3 87.2 1366.9
F 298.238510 1335.905517 -2.823797
E -0.024003 130.659895 79.097616 0.240391
W C 552.7 -29.5 1507.7 352.7 1460.4 1126.3 771.9 1093.7 237.1 803.3 159.1 1613.3
W E -0.435 82.9 62.5 -2.975 65.6 137.7 -2.493 56.7 158.6 -0.549 112.9 56.7 -0.219 84.7 71.4 0.097 154.3 74.6
D C 51.7 -354.2 204.8 495.6 152.2 1344.3
F 257.935507 1318.322511 -2.742070
E 0.015094 129.160871 80.688121 0.256586
W C 552.7 -29.4 1507.7 352.5 1460.5 1126.0 772.0 1093.5 237.3 803.1 158.4 1613.4
W E -0.432 82.7 62.4 -2.975 65.6 137.7 -2.492 56.7 158.6 -0.549 112.9 56.7 -0.217 84.5 71.3 0.097 154.1 74.4
D C -2.0 -366.8 201.7 479.7 201.0 1334.0
F 218.441824 1296.645870 -2.657644
E 0.056485 127.503944 82.603771 0.266503
W C 552.6 -29.2 1507.7 352.3 1460.6 1125.8 772.1 1093.3 237.6 802.9 157.8 1613.5
W E -0.429 82.6 62.4 -2.975 65.6 137.6 -2.492 56.7 158.5 -0.549 112.8 56.7 -0.216 84.4 71.2 0.097 153.9 74.2
D C -89.3 -367.3 193.6 452.6 287.5 1303.5
F 182.527288 1273.923039 -2.586712
E 0.093414 125.796206 85.516362 0.285087
W C 552.5 -29.3 1507.8 352.3 1460.7 1125.6 772.3 1093.2 237.9 802.7 156.3 1613.9
W E -0.429 82.6 62.4 -2.975 65.6 137.6 -2.492 56.7 158.5 -0.549 112.8 56.7 -0.217 84.3 71.0 0.097 153.8 74.1
D C -114.9 -367.4 192.3 445.6
F 182.154604 1274.158100 -2.589329
E 0.100645 125.432185 84.939929 0.272772
W C 552.5 -29.3 1507.8 352.3 1460.6 1125.7 772.2 1093.2 238.0 802.7 156.3 1613.9
W E -0.429 82.6 62.3 -2.975 65.6 137.6 -2.492 56.7 158.5 -0.549 112.8 56.7 -0.218 84.3 70.9 0.097 153.8 74.1
D C 188.6 433.5
F 146.777937 1245.685585 -2.444805
E 0.153242 123.945758 88.019608 0.301627
W C 552.3 -29.3 1507.9 352.4 1460.5 1125.8 772.1 1093.2 238.1 802.8 156.3 1613.8
W E -0.429 82.5 62.3 -2.976 65.5 137.5 -2.492 56.7 158.4 -0.549 112.8 56.7 -0.219 84.2 70.8 0.097 153.7 74.0
D C 180.2 421.1 -535.6 1553.0
F 116.154997 1213.423091 -2.293454
E 0.205831 122.061562 91.139816 0.321184
W C 552.2 -29.3 1508.0 352.6 1460.4 1125.9 772.1 1093.1 238.3 802.9 156.4 1613.7
W E -0.429 82.5 62.3 -2.977 65.4 137.5 -2.492 56.7 158.4 -0.549 112.8 56.7 -0.221 84.1 70.7 0.096 153.6 74.0
D C 191.5 396.3 -394.3 1589.8
F 90.063012 1181.305494 -2.181362
E 0.250090 119.765687 93.843561 0.323914
W C 552.0 -29.3 1508.0 352.8 1460.4 1125.9 772.1 1093.0 238.3 803.0 156.7 1613.6
W E -0.429 82.5 62.3 -2.978 65.3 137.4 -2.492 56.7 158.4 -0.549 112.8 56.6 -0.224 84.0 70.6 0.096 153.6 73.9
D C 195.4 385.9 -341.6 1607.4
F 67.884724 1146.562793 -2.097060
E 0.285709 117.201064 96.269929 0.316378
W C 552.0 -29.3 1508.0 352.8 1460.4 1125.9 772.1 1093.0 238.3 803.1 156.8 1613.5
W E -0.429 82.5 62.3 -2.979 65.2 137.3 -2.493 56.7 158.4 -0.549 112.8 56.6 -0.227 83.9 70.5 0.095 153.5 73.8
D C 197.8 352.4 -152.7 1641.1
F 67.487391 1146.679040 -2.099901
E 0.299218 116.824785 95.623154 0.301254
W C 552.0 -29.3 1508.0 352.8 1460.4 1125.9 772.0 1093.0 238.4 803.2 156.7 1613.5
W E -0.429 82.5 62.3 -2.979 65.2 137.3 -2.493 56.7 158.4 -0.549 112.8 56.6 -0.229 83.9 70.4 0.095 153.5 73.8
D C 201.8 323.6
F 46.922120 1106.024256 -2.080240
E 0.338876 114.024248 98.305137 0.298846
W C 552.0 -29.3 1507.9 352.8 1460.3 1126.0 772.0 1093.0 238.6 803.1 156.5 1613.5
W E -0.429 82.5 62.3 -2.980 65.1 137.2 -2.493 56.7 158.4 -0.549 112.8 56.6 -0.232 83.8 70.2 0.094 153.4 73.7
D C 186.7 307.7 73.9 1631.5
F 28.498749 1065.234276 -2.054626
E 0.380613 111.409073 101.034801 0.297444
W C 552.0 -29.3 1507.8 352.8 1460.3 1126.1 771.9 1093.1 238.7 802.9 156.4 1613.6
W E -0.429 82.5 62.3 -2.981 65.0 137.2 -2.493 56.6 158.4 -0.549 112.8 56.6 -0.236 83.7 70.1 0.093 153.4 73.7
D C 156.7 300.3 108.7 1625.6
F 13.589749 1022.681976 -1.964043
E 0.442483 108.781578 101.770723 0.284690
W C 551.8 -29.1 1508.0 352.7 1460.3 1126.1 771.9 1093.1 238.8 802.6 156.4 1613.7
W E -0.427 82.3 62.3 -2.982 64.9 137.1 -2.493 56.6 158.4 -0.549 112.7 56.6 -0.240 83.5 69.8 0.092 153.2 73.5
D C 777.9 870.3 142.8 297.7 130.5 1647.7
F -0.471389 980.485108 -1.883647
E 0.499849 106.049808 102.265435 0.281315
W C 551.8 -29.0 1508.0 352.5 1460.4 1126.0 772.0 1093.0 238.8 802.5 156.5 1613.6
W E -0.425 82.0 62.2 -2.982 64.8 137.0 -2.492 56.6 158.3 -0.549 112.7 56.6 -0.244 83.3 69.6 0.091 153.1 73.3
D C 744.5 853.8 91.7 296.6 109.0 1630.4
F -0.597903 978.779679 -1.885358
E 0.489920 105.519633 100.182825 0.262483
W C 551.4 -28.8 1508.1 352.4 1460.3 1125.9 772.0 1092.8 239.3 802.7 156.1 1613.0
W E -0.423 81.9 62.2 -2.982 64.7 136.9 -2.492 56.6 158.3 -0.549 112.7 56.6 -0.246 83.2 69.3 0.090 153.0 73.2
D C 769.1 794.2 75.3 286.5
F -9.694282 933.242619 -1.789504
E 0.444756 102.726818 101.512691 0.285396
W C 551.2 -28.7 1508.1 352.3 1460.4 1125.8 772.0 1092.7 239.6 802.9 155.8 1612.6
W E -0.421 81.7 62.1 -2.982 64.7 136.9 -2.492 56.6 158.2 -0.549 112.7 56.6 -0.247 83.1 69.1 0.089 152.9 73.0
D C 796.1 731.6 59.8 275.2
F -15.013865 887.223122 -1.699413
E -2.388915 99.840835 102.781064 0.299546
W C 551.0 -28.5 1508.2 352.2 1460.4 1125.7 772.1 1092.6 239.8 803.0 155.6 1612.3
W E -0.418 81.5 62.0 -2.982 64.7 136.9 -2.492 56.6 158.2 -0.549 112.6 56.6 -0.247 83.0 68.8 0.088 152.9 72.9
D C 798.9 673.2 39.8 269.8
F -17.092234 843.188860 -1.617479
E -2.373112 97.019350 103.097742 0.293305
W C 551.1 -28.4 1508.2 352.1 1460.2 1125.6 772.2 1092.6 239.9 802.9 155.8 1612.4
W E -0.416 81.4 62.0 -2.982 64.7 136.8 -2.492 56.5 158.2 -0.549 112.6 56.5 -0.247 82.9 68.4 0.087 152.8 72.8
D C 806.7 646.7 27.1 268.4 -373.5 1413.0
F -15.938675 840.086302 -1.615875
E -0.698179 99.707199 96.468680 0.262684
W C 551.0 -28.4 1508.2 351.9 1460.2 1125.5 772.1 1092.4 240.3 803.5 155.3 1611.7
W E -0.414 81.2 61.9 -2.983 64.6 136.8 -2.492 56.5 158.1 -0.548 112.6 56.5 -0.245 82.8 68.1 0.086 152.7 72.7
D C 816.6 568.6 474.0 1516.4 -0.2 265.4
F -12.411272 792.893515 -1.522605
E -0.737561 101.063999 93.893725 0.289403
W C 551.2 -28.6 1508.2 351.7 1460.1 1125.5 772.1 1092.3 240.4 804.4 154.8 1611.3
W E -0.414 81.1 61.9 -2.984 64.5 136.7 -2.492 56.5 158.1 -0.548 112.6 56.5 -0.243 82.7 67.9 0.086 152.7 72.6
D C 572.4 1473.6 -29.0 267.1
F -5.725530 748.947263 -1.431837
E -0.742870 101.237642 91.838474 0.290498
W C 551.2 -28.4 1508.1 351.6 1460.2 1125.4 772.2 1092.2 240.5 804.2 154.9 1611.2
W E -0.413 80.9 61.9 -2.984 64.4 136.6 -2.492 56.5 158.1 -0.548 112.6 56.5 -0.242 82.7 67.8 0.086 152.7 72.6
D C 817.8 457.5 599.2 1437.2
F 4.360280 704.865205 -1.343692
E -0.738134 101.373171 89.994914 0.291563
W C 551.1 -28.3 1508.1 351.6 1460.3 1125.3 772.2 1092.2 240.5 804.0 155.0 1611.2
W E -0.412 80.7 61.8 -2.985 64.3 136.6 -2.492 56.5 158.1 -0.548 112.6 56.5 -0.240 82.6 67.8 0.085 152.6 72.5
D C 813.0 394.5 662.2 1391.8
F 16.746989 663.453876 -1.263135
E -0.731275 101.288697 88.403990 0.289713
W C 551.1 -28.2 1508.1 351.5 1460.3 1125.2 772.3 1092.1 240.4 803.9 155.1 1611.2
W E -0.411 80.6 61.8 -2.985 64.2 136.5 -2.492 56.5 158.0 -0.548 112.6 56.5 -0.238 82.5 67.7 0.085 152.6 72.5
D C 801.2 338.3 710.7 1352.0
F 18.568170 662.738516 -1.257091
E -2.378147 87.605651 99.106723 0.252229
W C 551.1 -28.0 1508.1 351.4 1460.2 1124.9 772.4 1092.0 240.7 803.8 155.1 1611.1
W E -0.410 80.4 61.7 -2.985 64.1 136.4 -2.492 56.4 158.0 -0.548 112.5 56.5 -0.237 82.4 67.7 0.085 152.6 72.4
D C 783.6 281.0 764.5 1295.6 35.1 1477.0
F 38.477238 621.057612 -1.159605
E -2.383417 85.519870 99.071304 0.259030
W C 551.1 -27.8 1508.0 351.3 1460.1 1124.7 772.4 1092.0 241.0 803.8 155.2 1611.0
W E -0.410 80.2 61.6 -2.986 63.9 136.3 -2.492 56.3 158.0 -0.548 112.5 56.5 -0.237 82.4 67.6 0.085 152.6 72.4
D C 764.5 209.6 833.2 1216.3 116.1 1466.2
F 59.647527 581.268326 -1.079595
E -2.379282 83.217799 98.910103 0.254280
W C 551.2 -27.7 1508.1 351.1 1460.0 1124.5 772.3 1091.9 241.2 803.8 155.4 1611.0
W E -0.410 80.0 61.6 -2.986 63.8 136.3 -2.492 56.2 157.9 -0.548 112.5 56.4 -0.236 82.3 67.5 0.085 152.6 72.3
D C 750.4 188.6 850.1 1201.2 138.7 1465.5 -131.7 814.5
F 83.330536 543.679643 -1.003370
E -2.368874 81.010257 98.641378 0.251107
W C 551.3 -27.6 1508.1 351.0 1459.9 1124.3 772.1 1091.7 241.4 804.0 155.6 1611.2
W E -0.410 79.9 61.5 -2.986 63.7 136.2 -2.492 56.2 157.9 -0.547 112.4 56.4 -0.236 82.2 67.5 0.085 152.6 72.3
D C 727.1 133.6 899.2 1132.4 210.0 1454.1 -106.8 819.3
F 84.884101 543.645708 -0.999429
E -2.407288 79.826154 97.264524 0.222377
W C 551.3 -27.4 1508.2 350.8 1459.8 1124.1 772.0 1091.5 241.6 804.0 155.7 1611.1
W E -0.410 79.7 61.4 -2.987 63.6 136.1 -2.492 56.1 157.8 -0.547 112.4 56.3 -0.236 82.2 67.4 0.085 152.6 72.3
D C 698.3 82.3 944.5 1076.4 270.3 1433.5 -82.0 825.8
F 113.395890 508.762639 -0.908269
E -2.386888 77.589763 97.045438 0.237420
W C 551.4 -27.2 1508.2 350.6 1459.8 1123.8 771.9 1091.3 241.8 804.1 155.9 1611.1
W E -0.411 79.5 61.3 -2.987 63.5 136.0 -2.492 56.0 157.8 -0.547 112.4 56.2 -0.236 82.1 67.3 0.085 152.5 72.2
D C 666.6 37.4 967.4 1005.2 325.5 1413.6 -64.3 828.6
F 144.937386 476.270032 -0.817962
E -2.364653 75.568669 96.708423 0.243734
W C 551.5 -27.0 1508.2 350.4 1459.7 1123.6 771.9 1091.1 242.0 804.2 156.1 1611.1
W E -0.412 79.4 61.3 -2.987 63.4 136.0 -2.492 55.9 157.7 -0.547 112.3 56.2 -0.236 82.1 67.3 0.085 152.5 72.2
D C 622.5 -24.4 1014.1 914.9 411.7 1376.0 -33.9 834.3
F 177.279685 446.149465 -0.742127
E -0.772520 96.251741 73.766551 0.245619
W C 551.7 -26.9 1508.2 350.2 1459.7 1123.3 771.8 1090.8 242.0 804.3 156.3 1611.2
W E -0.413 79.2 61.2 -2.987 63.3 135.9 -2.492 55.8 157.7 -0.547 112.3 56.1 -0.236 82.0 67.2 0.085 152.5 72.2
D C 604.6 -51.6 1023.5 862.5 449.3 1363.5 -13.3 827.0
F 210.390086 418.777123 -0.671256
E -0.754633 95.704790 72.174142 0.245258
W C 552.0 -26.8 1508.1 350.0 1459.7 1123.1 771.7 1090.6 242.0 804.5 156.6 1611.4
W E -0.414 79.1 61.1 -2.987 63.2 135.8 -2.492 55.7 157.6 -0.546 112.3 56.0 -0.236 82.0 67.1 0.085 152.5 72.1
D C 568.7 -89.3 1040.7 798.1 498.2 1330.7 -0.6 831.2
F 211.413118 419.156301 -0.667644
E -0.776041 94.596072 70.809616 0.217751
W C 552.2 -26.6 1508.1 349.8 1459.7 1122.8 771.7 1090.4 242.1 804.6 156.7 1611.4
W E -0.415 78.9 61.0 -2.987 63.0 135.7 -2.492 55.6 157.5 -0.546 112.2 56.0 -0.235 81.9 67.1 0.084 152.5 72.1
D C 527.9 -130.1 1061.6 724.8 555.9 1288.5 29.9 827.4
F 248.804603 394.784641 -0.601555
E -0.756160 94.026173 69.296842 0.229634
W C 552.4 -26.5 1508.0 349.6 1459.7 1122.5 771.6 1090.1 242.2 804.7 156.9 1611.5
W E -0.417 78.7 60.9 -2.987 62.9 135.6 -2.491 55.5 157.5 -0.546 112.2 55.9 -0.235 81.9 67.0 0.084 152.5 72.1
D C 489.8 -161.4 1074.0 658.4 599.7 1250.5 49.9 822.7
F 288.266221 371.947702 -0.578797
E -0.741762 93.377242 68.084279 0.231376
W C 552.5 -26.3 1508.0 349.4 1459.7 1122.3 771.6 1089.9 242.2 804.7 157.1 1611.5
W E -0.419 78.6 60.8 -2.987 62.8 135.5 -2.491 55.4 157.4 -0.545 112.1 55.8 -0.235 81.9 67.0 0.084 152.4 72.1
D C 424.9 -203.8 1063.6 573.7 634.1 1206.3 54.5 815.3
F 326.569026 349.911082 -0.560946
E -0.733728 92.738618 67.134525 0.231736
W C 552.8 -26.2 1508.0 349.2 1459.8 1122.0 771.6 1089.7 242.1 804.8 157.3 1611.6
W E -0.421 78.4 60.6 -2.987 62.7 135.5 -2.491 55.3 157.4 -0.545 112.1 55.7 -0.234 81.8 67.0 0.084 152.4 72.0
D C 408.4 -202.0 1043.3 583.6 616.2 1207.9 36.9 814.5
F 327.590836 350.873291 -0.553896
E -0.748013 91.715253 65.705277 0.208321
W C 553.0 -26.0 1507.9 349.0 1459.8 1121.8 771.6 1089.5 242.2 804.9 157.5 1611.6
W E -0.424 78.3 60.5 -2.987 62.6 135.4 -2.491 55.2 157.3 -0.545 112.1 55.7 -0.234 81.8 66.9 0.084 152.4 72.0
D C 380.0 -201.3 1007.7 584.2 584.3 1208.8 4.4 815.2
F 366.397917 328.259779 -0.548481
E -0.727350 91.751471 65.767748 0.229474
W C 553.2 -25.9 1507.8 348.9 1459.7 1121.6 771.5 1089.3 242.2 805.0 157.7 1611.7
W E -0.426 78.2 60.5 -2.987 62.5 135.3 -2.491 55.2 157.3 -0.545 112.0 55.6 -0.234 81.8 66.9 0.084 152.4 72.0
D C 962.2 581.7 529.8 1207.7 -43.5 821.1
F 404.275696 306.122599 -0.541530
E -0.731275 91.052168 65.333464 0.230006
W C 553.6 -25.8 1507.7 348.6 1459.7 1121.2 771.5 1089.1 242.1 805.1 157.9 1611.8
W E -0.430 78.0 60.4 -2.987 62.3 135.2 -2.490 55.1 157.2 -0.544 112.0 55.6 -0.234 81.8 66.9 0.084 152.4 72.0
D C 314.8 -199.0 943.1 578.1 513.7 1211.2 -58.9 823.9
F 442.148412 283.819933 -0.540833
E -0.743234 90.322021 65.155474 0.229989
W C 554.1 -25.7 1507.5 348.3 1459.8 1120.9 771.6 1088.9 242.0 805.2 158.1 1611.9
W E -0.435 77.8 60.2 -2.986 62.2 135.1 -2.490 55.0 157.2 -0.544 112.0 55.5 -0.233 81.7 66.8 0.084 152.4 72.0
D C 265.7 -198.0 891.4 580.9 465.3 1208.9 -108.0 828.4
F 481.199244 262.147657 -0.529840
E -0.731554 90.433324 66.645694 0.241852
W C 554.1 -25.6 1507.6 348.2 1459.8 1120.7 771.6 1088.7 242.0 805.2 158.3 1612.0
W E -0.437 77.7 60.2 -2.986 62.1 135.1 -2.490 54.9 157.1 -0.544 112.0 55.4 -0.233 81.7 66.8 0.084 152.3 71.9
D C 869.8 582.1 451.0 1216.1 -123.8 830.4
F 481.773782 262.345794 -0.530037
E -0.727839 90.015413 65.695167 0.222133
W C 554.3 -25.5 1507.4 348.1 1459.8 1120.6 771.5 1088.6 242.0 805.3 158.3 1612.0
W E -0.439 77.7 60.2 -2.987 62.0 135.0 -2.490 54.8 157.1 -0.544 111.9 55.4 -0.234 81.7 66.8 0.084 152.3 71.9
D C 819.7 578.2 395.0 1211.1 -171.4 832.0
F 522.245009 241.885496 -0.460719
E -0.711611 90.321605 67.507387 0.245040
W C 554.4 -25.5 1507.4 348.3 1459.7 1120.6 771.5 1088.6 242.1 805.4 158.4 1612.0
W E -0.441 77.6 60.2 -2.987 62.0 135.0 -2.490 54.8 157.1 -0.544 111.9 55.3 -0.234 81.7 66.8 0.084 152.3 71.9
D C 786.8 577.0 369.8 1208.9 -199.2 836.0
F 562.346018 224.205300 -0.391794
E -0.697431 90.553688 69.732736 0.256966
W C 554.2 -25.6 1507.5 348.5 1459.6 1120.7 771.5 1088.4 242.2 805.5 158.4 1612.1
W E -0.442 77.6 60.1 -2.987 61.9 135.0 -2.489 54.7 157.1 -0.544 111.9 55.3 -0.234 81.7 66.8 0.084 152.3 71.9
D C 791.9 547.7 397.6 1194.2 -178.9 841.8
F 604.319947 209.101608 -0.319477
E -0.688821 90.742429 72.367152 0.264166
W C 554.1 -25.6 1507.6 348.7 1459.6 1120.7 771.5 1088.3 242.2 805.6 158.5 1612.1
W E -0.444 77.5 60.1 -2.987 61.8 134.9 -2.489 54.6 157.1 -0.544 111.9 55.2 -0.234 81.7 66.7 0.084 152.3 71.9
D C 800.5 487.3 456.3 1164.3 -151.4 853.1
F 604.223692 208.655174 -0.325118
E -0.687866 90.418204 71.033561 0.238183
W C 554.1 -25.5 1507.6 348.7 1459.5 1120.6 771.5 1088.2 242.3 805.6 158.6 1612.1
W E -0.445 77.5 60.1 -2.987 61.8 134.9 -2.489 54.6 157.0 -0.544 111.9 55.2 -0.234 81.7 66.7 0.084 152.3 71.9
D C 792.5 440.1 486.3 1136.8 -131.6 864.4
F 648.411649 198.907066 -0.233847
E -0.683631 90.517487 73.705507 0.254748
W C 554.2 -25.5 1507.5 348.8 1459.5 1120.6 771.5 1088.1 242.3 805.7 158.6 1612.2
W E -0.447 77.4 60.1 -2.987 61.7 134.8 -2.489 54.5 157.0 -0.543 111.9 55.2 -0.234 81.7 66.7 0.083 152.3 71.9
D C 783.9 354.0 551.8 1073.5 -89.2 871.4
F 692.239281 191.341263 -0.178472
E -0.701210 90.482410 76.483533 0.257947
W C 554.2 -25.5 1507.5 348.9 1459.5 1120.5 771.5 1088.0 242.3 805.7 158.7 1612.2
W E -0.448 77.4 60.1 -2.988 61.6 134.8 -2.489 54.4 157.0 -0.543 111.8 55.1 -0.234 81.7 66.7 0.083 152.3 71.9
D C 773.2 321.0 577.4 1051.0 -73.1 872.3
F 736.675255 185.973242 -0.161851
E -0.747548 90.498917 79.341417 0.256595
W C 554.1 -25.5 1507.6 348.9 1459.5 1120.5 771.6 1087.9 242.3 805.7 158.7 1612.2
W E -0.449 77.4 60.0 -2.988 61.6 134.8 -2.489 54.4 157.0 -0.543 111.8 55.1 -0.234 81.7 66.7 0.083 152.3 71.9
D C 760.3 264.8 611.3 1007.6 -49.1 875.8
F 780.671512 180.987519 -0.145915
E -2.410610 82.081259 90.722740 0.255236
W C 554.0 -25.5 1507.6 349.0 1459.5 1120.6 771.6 1087.9 242.2 805.7 158.8 1612.2
W E -0.450 77.3 60.0 -2.988 61.5 134.7 -2.489 54.3 157.0 -0.543 111.8 55.0 -0.234 81.7 66.7 0.083 152.3 71.9
D C 717.7 259.9 567.3 1010.5 -90.0 879.8
F 780.806948 181.905760 -0.140387
E -2.374754 80.750865 90.225686 0.231605
W C 554.0 -25.5 1507.6 349.1 1459.5 1120.5 771.7 1087.8 242.2 805.7 158.8 1612.2
W E -0.451 77.3 60.0 -2.988 61.4 134.7 -2.489 54.3 156.9 -0.543 111.8 55.0 -0.234 81.7 66.7 0.083 152.3 71.9
D C 700.2 258.4 553.8 1008.0 -106.8 882.8
F 825.130328 176.131749 -0.137789
E -2.511677 83.325748 90.673380 0.242399
W C 554.0 -25.5 1507.6 349.1 1459.5 1120.5 771.7 1087.8 242.2 805.7 158.8 1612.2
W E -0.452 77.3 60.0 -2.988 61.4 134.6 -2.489 54.2 156.9 -0.543 111.8 55.0 -0.234 81.7 66.7 0.083 152.3 71.9
D C 647.3 264.1 502.1 1014.8 -159.5 883.0
F 869.240186 170.951749 -0.132115
E -2.740466 85.458894 91.778281 0.248169
W C 553.9 -25.5 1507.7 349.2 1459.5 1120.6 771.8 1087.7 242.2 805.7 158.8 1612.2
W E -0.453 77.2 60.0 -2.989 61.3 134.6 -2.488 54.1 156.9 -0.543 111.8 54.9 -0.234 81.7 66.6 0.083 152.2 71.9
D C 631.6 262.2 485.8 1013.0 -177.4 888.3
F 913.163805 166.045648 -0.123108
E -2.987635 86.765134 93.835583 0.251045
W C 553.7 -25.5 1507.7 349.3 1459.5 1120.6 771.8 1087.6 242.2 805.7 158.9 1612.2
W E -0.454 77.2 60.0 -2.989 61.3 134.5 -2.488 54.1 156.9 -0.543 111.7 54.9 -0.234 81.7 66.6 0.083 152.2 71.9
D C 597.3 265.3 449.4 1015.8 -211.3 886.6
F 913.279971 165.596109 -0.126697
E -2.926239 86.073970 92.812050 0.228767
W C 553.7 -25.5 1507.7 349.4 1459.5 1120.6 771.9 1087.6 242.2 805.7 158.9 1612.2
W E -0.455 77.2 59.9 -2.989 61.2 134.5 -2.488 54.0 156.8 -0.543 111.7 54.8 -0.234 81.7 66.6 0.083 152.2 71.9
D C 549.5 266.6 401.0 1013.9 -258.8 889.9
F 958.131153 160.030005 -0.125924
E -3.119640 86.924428 95.484436 0.241889
W C 553.7 -25.5 1507.7 349.5 1459.5 1120.6 771.9 1087.6 242.2 805.7 158.9 1612.2
W E -0.456 77.1 59.9 -2.990 61.2 134.4 -2.488 54.0 156.8 -0.542 111.7 54.8 -0.234 81.7 66.6 0.083 152.2 71.9
D C 534.7 265.6 387.7 1016.7 -272.4 895.5
F 1001.859850 154.210644 -0.126991
E 3.059883 87.358875 98.818319 0.254848
W C 553.6 -25.5 1507.7 349.5 1459.5 1120.6 771.9 1087.6 242.2 805.7 158.9 1612.2
W E -0.457 77.1 59.9 -2.990 61.1 134.3 -2.488 54.0 156.8 -0.543 111.7 54.8 -0.234 81.7 66.6 0.083 152.2 71.9
D C 487.4 268.7 335.3 1017.6
F 1046.022559 148.766414 -0.123258
E 2.999785 87.659694 102.501270 0.262919
W C 553.5 -25.5 1507.8 349.5 1459.5 1120.6 771.9 1087.6 242.1 805.7 158.9 1612.2
W E -0.457 77.1 59.9 -2.990 61.0 134.3 -2.488 53.9 156.8 -0.543 111.7 54.8 -0.234 81.7 66.6 0.083 152.2 71.9
D C 455.4 265.9 303.6 1014.8
F 1045.877850 148.438353 -0.124846
E 3.014548 87.260093 101.362775 0.243090
W C 553.5 -25.5 1507.8 349.6 1459.5 1120.5 771.9 1087.6 242.1 805.7 158.9 1612.2
W E -0.458 77.1 59.9 -2.991 61.0 134.2 -2.488 53.9 156.7 -0.543 111.7 54.8 -0.234 81.7 66.6 0.083 152.2 71.9
D C 436.2 267.4 290.6 1016.7
F 1090.398634 142.272403 -0.127874
E 2.971043 87.522604 105.146120 0.256840
W C 553.5 -25.5 1507.8 349.7 1459.6 1120.5 772.0 1087.6 242.1 805.7 158.9 1612.2
W E -0.459 77.0 59.9 -2.991 60.9 134.2 -2.488 53.8 156.7 -0.543 111.7 54.8 -0.234 81.7 66.6 0.083 152.2 71.9
D C 389.4 271.1 237.9 1018.8
F 1134.381955 136.695808 -0.127083
E 2.940942 87.722410 109.134026 0.264731
W C 553.4 -25.5 1507.9 349.7 1459.6 1120.5 772.0 1087.5 242.1 805.7 158.9 1612.2
W E -0.459 77.0 59.9 -2.991 60.9 134.1 -2.488 53.8 156.7 -0.543 111.7 54.8 -0.234 81.7 66.6 0.083 152.2 71.9
D C 372.0 272.8 218.6 1021.1
F 1178.378044 131.293896 -0.122319
E 2.918786 87.855569 113.298647 0.269466
W C 553.2 -25.4 1508.1 349.7 1459.6 1120.5 772.0 1087.5 242.1 805.8 159.0 1612.3
W E -0.460 77.0 59.9 -2.992 60.8 134.1 -2.488 53.7 156.7 -0.543 111.7 54.8 -0.234 81.7 66.6 0.083 152.2 71.9
D C 327.8 272.8 173.6 1023.7
F 1220.245927 127.093295 -0.115307
E 2.901865 87.866728 117.412050 0.270985
W C 553.0 -25.4 1508.3 349.6 1459.6 1120.6 771.9 1087.5 242.0 805.8 159.0 1612.3
W E -0.460 77.0 59.9 -2.992 60.7 134.0 -2.488 53.7 156.6 -0.543 111.7 54.8 -0.234 81.7 66.6 0.083 152.2 71.9
D C 311.1 273.8 154.6 1026.0
F 1226.183190 125.916044 -0.114350
E 2.899368 87.430982 116.987878 0.250779
W C 552.9 -25.4 1508.4 349.6 1459.6 1120.6 772.0 1087.5 242.0 805.8 159.0 1612.3
W E -0.461 77.0 59.9 -2.993 60.7 134.0 -2.488 53.7 156.6 -0.543 111.7 54.8 -0.234 81.7 66.6 0.083 152.2 71.9
D C 275.0 275.4 119.7 1028.7
F 1226.250907 124.537706 -0.121614
E 2.901090 87.054560 116.055102 0.235946
W C 553.0 -25.4 1508.3 349.7 1459.6 1120.6 772.0 1087.5 242.0 805.8 159.0 1612.3
W E -0.461 76.9 59.9 -2.993 60.6 133.9 -2.487 53.6 156.6 -0.543 111.7 54.8 -0.234 81.7 66.6 0.083 152.2 71.9
D C 236.5 272.9 87.6 1026.0
F 1226.294807 123.615757 -0.126325
E 2.904436 86.707075 115.324050 0.224835
W C 553.0 -25.5 1508.2 349.7 1459.7 1120.5 772.0 1087.5 242.0 805.7 159.0 1612.3
W E -0.462 76.9 59.9 -2.994 60.6 133.9 -2.487 53.6 156.6 -0.543 111.7 54.8 -0.234 81.7 66.6 0.083 152.2 71.9
D C 238.9 274.0 90.6 1024.0
F 1226.324032 122.922068 -0.129788
E 2.908710 86.380713 114.721729 0.216146
W C 553.0 -25.5 1508.1 349.8 1459.8 1120.5 772.0 1087.5 242.0 805.7 159.0 1612.3
W E -0.462 76.9 59.9 -2.994 60.5 133.8 -2.487 53.6 156.5 -0.542 111.7 54.8 -0.234 81.7 66.6 0.083 152.2 71.9
D C 240.1 275.4 90.5 1022.8
F 1226.386023 122.421645 -0.132368
E 2.913516 86.070828 114.208302 0.209130
W C 553.0 -25.5 1508.0 349.9 1459.8 1120.4 772.0 1087.5 242.1 805.7 159.0 1612.2
W E -0.463 76.9 59.9 -2.995 60.4 133.8 -2.487 53.5 156.5 -0.542 111.7 54.8 -0.234 81.7 66.6 0.083 152.2 71.9
D C 239.5 274.7 90.1 1019.0
F 1226.433065 121.987176 -0.134415
E 2.918616 85.774415 113.760017 0.203324
W C 553.0 -25.5 1508.0 350.0 1459.8 1120.4 772.0 1087.5 242.1 805.7 159.0 1612.2
W E -0.463 76.9 59.9 -2.995 60.4 133.7 -2.487 53.5 156.5 -0.542 111.7 54.8 -0.234 81.7 66.6 0.083 152.2 71.9
D C 238.7 273.7 90.6 1024.2
F 1226.477955 121.626316 -0.136052
E 2.923859 85.489495 113.361552 0.198422
W C 553.1 -25.5 1507.9 350.1 1459.9 1120.4 772.0 1087.5 242.1 805.7 159.0 1612.2
W E -0.464 76.9 59.9 -2.995 60.3 133.7 -2.487 53.5 156.5 -0.542 111.7 54.8 -0.234 81.7 66.6 0.083 152.2 71.9
D C 238.7 273.7 90.6 1024.6
F 1226.515045 121.321520 -0.137389
E 2.929149 85.214658 113.002557 0.194216
W C 553.1 -25.5 1507.8 350.1 1459.9 1120.4 772.1 1087.5 242.1 805.7 159.0 1612.2
W E -0.464 76.8 59.9 -2.996 60.3 133.6 -2.487 53.4 156.5 -0.542 111.7 54.8 -0.234 81.7 66.6 0.083 152.2 71.9
D C 239.2 274.3 90.6 1024.1
