F 1824.839883 1880.660829 3.717551
E 0.000000 0.000000 0.000000 0.000000
W C 1362.0 1923.4 386.4 1496.9 498.8 722.7 1185.3 791.2 1695.3 1091.6 1790.5 287.5
W E -0.092 600.0 365.0 -2.881 600.0 1169.2 -2.424 600.0 1382.6 -0.531 992.1 600.0 -0.163 628.0 600.0 -0.022 1251.5 600.0
D C 364.9 -287.9 1415.4 -461.6 1742.8 248.9 1129.7 565.4 538.4 591.2 896.5 1317.5
F 1824.839883 1880.660829 3.717551
E 0.000000 0.000000 0.000000 0.000000
W C 1361.3 1923.5 385.7 1496.7 499.2 723.0 1185.3 791.1 1695.1 1089.9 1790.5 286.5
W E -0.092 424.3 258.1 -2.881 424.3 826.8 -2.424 424.3 977.7 -0.531 701.6 424.3 -0.163 444.1 424.3 -0.022 885.0 424.3
D C 366.0 -288.8 1416.7 -462.0 1741.8 248.8 1129.9 565.4 540.6 593.7 897.6 1319.0
F 1824.839883 1880.660829 3.717551
E 0.000000 0.000000 0.000000 0.000000
W C 1361.0 1923.5 385.0 1496.5 499.3 723.1 1185.0 790.7 1694.9 1089.0 1790.5 284.8
W E -0.092 346.4 210.9 -2.881 346.4 675.2 -2.424 346.4 798.2 -0.531 572.8 346.4 -0.163 362.8 346.4 -0.022 722.7 346.4
D C 366.2 -289.0 1418.2 -462.5 1741.8 248.8 1131.1 566.1 541.5 594.6 900.0 1322.6
F 1824.839883 1880.660829 3.717551
E 0.000000 0.000000 0.000000 0.000000
W C 1360.8 1923.5 384.8 1496.5 500.3 724.0 1185.1 790.9 1694.9 1088.9 1790.5 285.3
W E -0.092 300.0 182.7 -2.881 300.0 584.8 -2.424 300.0 691.2 -0.531 496.1 300.0 -0.163 314.4 300.0 -0.022 626.1 300.0
D C 366.2 -288.9 1417.4 -462.3 1737.0 248.1 1129.5 565.3 540.5 593.6 896.8 1317.9
F 1824.839883 1880.660829 3.717551
E 0.000000 0.000000 0.000000 0.000000
W C 1361.0 1923.5 384.3 1496.4 500.4 724.1 1185.3 791.2 1695.0 1089.8 1790.5 285.2
W E -0.092 268.3 163.5 -2.881 268.3 523.2 -2.424 268.3 618.1 -0.531 443.8 268.3 -0.163 281.4 268.3 -0.022 560.1 268.3
D C 365.1 -288.1 1419.4 -462.9 1739.8 248.5 1128.6 564.8 537.0 589.7 898.0 1319.6
F 1824.839883 1880.660829 3.717551
E 0.000000 0.000000 0.000000 0.000000
W C 1361.1 1923.5 385.0 1496.5 500.5 724.2 1185.3 791.1 1695.1 1090.2 1790.5 285.6
W E -0.092 244.9 149.2 -2.881 244.9 477.7 -2.424 244.9 564.2 -0.531 405.1 244.9 -0.163 256.9 244.9 -0.022 511.4 244.9
D C 365.1 -288.1 1413.4 -460.9 1740.2 248.6 1129.9 565.5 538.2 591.0 896.5 1317.5
F 1824.839883 1880.660829 3.717551
E 0.000000 0.000000 0.000000 0.000000
W C 1361.3 1923.5 384.8 1496.5 501.1 724.7 1185.0 790.8 1695.1 1090.1 1790.5 285.7
W E -0.092 226.8 138.2 -2.881 226.8 442.2 -2.424 226.8 522.3 -0.531 375.1 226.8 -0.163 237.8 226.8 -0.022 473.5 226.8
D C 364.7 -287.8 1418.5 -462.6 1734.9 247.8 1132.6 566.8 539.8 592.8 897.2 1318.4
F 1824.839883 1880.660829 3.717551
E 0.000000 0.000000 0.000000 0.000000
W C 1361.4 1923.5 384.7 1496.5 501.3 724.9 1184.9 790.6 1695.0 1089.8 1790.5 285.7
W E -0.092 212.1 129.3 -2.881 212.1 413.7 -2.424 212.1 488.5 -0.531 350.8 212.1 -0.163 222.5 212.1 -0.022 442.9 212.1
D C 364.9 -287.9 1417.5 -462.3 1738.0 248.2 1131.9 566.5 540.7 593.8 897.5 1318.9
F 1824.839883 1880.660829 3.717551
E 0.000000 0.000000 0.000000 0.000000
W C 1361.4 1923.5 384.7 1496.5 501.2 724.8 1184.8 790.3 1695.0 1089.8 1790.5 285.6
W E -0.092 200.0 121.9 -2.881 200.0 390.1 -2.424 200.0 460.5 -0.531 330.8 200.0 -0.163 209.7 200.0 -0.022 417.6 200.0
D C 365.2 -288.2 1416.6 -462.0 1739.8 248.5 1132.5 566.8 539.6 592.6 898.1 1319.8
F 1824.839883 1880.660829 3.717551
E 0.000000 0.000000 0.000000 0.000000
W C 1361.3 1923.5 384.9 1496.0 501.2 724.8 1184.8 790.4 1695.1 1089.8 1790.5 285.7
W E -0.092 189.7 115.6 -2.881 189.7 370.1 -2.424 189.7 436.8 -0.531 313.8 189.7 -0.163 199.0 189.7 -0.022 396.2 189.7
D C 365.8 -288.6 1417.7 -457.6 1739.7 248.5 1129.9 565.5 539.5 592.4 897.2 1318.4
F 1824.839883 1880.660829 3.717551
E 0.000000 0.000000 0.000000 0.000000
W C 1361.5 1923.5 384.7 1496.0 501.3 724.9 1184.7 790.2 1695.0 1089.8 1790.5 285.5
W E -0.092 180.9 110.2 -2.881 180.9 352.8 -2.424 180.9 416.5 -0.531 299.2 180.9 -0.163 189.7 180.9 -0.022 377.7 180.9
D C 364.1 -287.3 1419.0 -462.8 1739.0 248.4 1133.0 567.0 539.7 592.7 898.8 1320.8
F 1824.839883 1880.660829 3.717551
E 0.000000 0.000000 0.000000 0.000000
W C 1361.6 1923.5 384.7 1496.1 501.0 724.6 1184.6 790.0 1695.1 1089.9 1790.5 285.6
W E -0.092 173.2 105.5 -2.881 173.2 337.8 -2.424 173.2 398.7 -0.531 286.5 173.2 -0.163 181.7 173.2 -0.022 361.7 173.2
D C 364.5 -287.7 1416.9 -462.1 1743.3 249.0 1132.5 566.8 539.1 592.1 896.9 1318.1
F 1824.839883 1880.660829 3.717551
E 0.000000 0.000000 0.000000 0.000000
W C 1361.6 1923.5 384.3 1496.0 500.9 724.5 1184.7 790.1 1695.0 1089.7 1790.5 285.5
W E -0.092 166.4 101.4 -2.881 166.4 324.6 -2.424 166.4 383.0 -0.531 275.3 166.4 -0.163 174.5 166.4 -0.022 347.5 166.4
D C 365.0 -288.0 1423.0 -464.1 1741.8 248.8 1130.1 565.6 541.0 594.1 897.9 1319.5
F 1804.071460 1867.171173 3.717600
E 0.575979 6.130702 0.952048 0.076843
W C 1360.0 1922.4 382.9 1495.1 499.4 723.6 1183.2 789.1 1693.5 1088.8 1789.0 284.7
W E -0.095 160.3 97.4 -2.881 160.4 312.6 -2.424 160.4 368.9 -0.530 265.1 160.4 -0.162 168.0 160.4 -0.021 334.7 160.4
D C 365.2 -288.2 1416.0 -461.8 1740.2 248.6 1131.2 566.1 539.4 592.4 896.8 1317.9
F 1766.972885 1843.120239 3.716998
E 0.576010 12.550591 4.925640 0.144119
W C 1356.4 1920.0 380.1 1493.0 497.1 721.9 1181.9 789.7 1690.9 1087.0 1786.7 282.6
W E -0.103 154.8 93.6 -2.882 154.9 301.6 -2.423 154.9 356.1 -0.529 255.7 154.9 -0.162 162.0 154.9 -0.018 323.4 154.9
D C 352.2 -286.8 1402.9 -457.5 1715.5 250.4 1074.3 550.0 518.5 594.6 878.1 1325.0
F 1729.527264 1818.876376 -2.567333
E 0.574176 16.717514 10.295719 0.172668
W C 1352.4 1917.4 377.0 1491.5 494.1 720.7 1179.6 789.7 1687.5 1085.0 1783.8 280.6
W E -0.118 149.6 90.0 -2.883 150.0 291.9 -2.423 150.0 344.7 -0.527 247.3 150.0 -0.167 156.6 150.0 -0.015 313.5 150.0
D C 313.8 -287.5 1365.2 -463.9 1681.8 240.2 1048.8 549.2 488.9 592.9 846.9 1321.6
F 1691.883255 1794.813450 -2.569928
E 0.565029 20.029952 15.904686 0.190880
W C 1347.4 1914.2 374.4 1490.0 491.0 719.8 1177.3 790.2 1683.7 1083.5 1783.6 280.6
W E -0.138 144.6 86.7 -2.885 145.6 283.1 -2.422 145.5 334.5 -0.524 239.7 145.6 -0.178 151.8 145.5 -0.015 313.2 150.0
D C 279.2 -282.2 1324.1 -454.4 1640.5 244.6 1000.7 547.8 445.3 586.2
F 1692.009671 1794.924766 -2.570145
E 0.564633 19.979235 14.995048 0.171439
W C 1344.9 1912.3 374.5 1489.4 489.1 719.6 1175.9 791.2 1681.1 1082.7 1783.5 280.6
W E -0.153 140.2 84.0 -2.886 141.5 275.5 -2.422 141.5 325.6 -0.522 233.1 141.5 -0.183 147.6 141.4 -0.015 313.1 150.0
D C 260.9 -280.4 1277.2 -447.1 1622.9 242.0 985.4 543.3 432.6 584.3
F 1654.483525 1771.043357 -2.572242
E 0.540711 22.755406 20.131355 0.192357
W C 1342.1 1910.4 374.8 1489.2 487.9 719.9 1174.7 792.5 1679.0 1082.1 1783.4 280.7
W E -0.175 135.7 81.4 -2.888 137.7 268.3 -2.421 137.7 317.3 -0.520 226.8 137.7 -0.197 143.7 137.6 -0.015 313.1 150.0
D C 216.5 -277.0 1229.1 -443.0 1564.3 248.0 933.0 544.7 379.5 588.2
F 1616.932807 1747.254814 -2.573106
E -0.431540 25.405274 25.115456 0.202697
W C 1337.5 1908.2 374.6 1488.6 485.9 720.2 1172.7 793.6 1676.4 1081.0 1783.3 280.7
W E -0.204 131.0 79.0 -2.889 134.3 261.5 -2.421 134.3 309.5 -0.517 220.9 134.3 -0.219 140.1 134.1 -0.015 313.1 150.0
D C 187.9 -278.9 1197.8 -440.1 1532.9 243.0 902.1 541.6 348.6 590.7
F 1579.504477 1723.750375 -2.577639
E -2.513723 27.371881 30.393614 0.208164
W C 1331.3 1905.9 373.7 1488.0 483.6 720.4 1170.3 794.1 1673.3 1079.5 1783.3 280.7
W E -0.240 126.0 76.9 -2.891 131.1 255.1 -2.420 131.1 302.2 -0.515 215.3 131.1 -0.248 136.8 130.8 -0.015 313.0 150.0
D C 155.6 -276.2 1169.5 -441.9 1500.5 242.6 873.3 546.4 318.8 593.1
F 1542.230630 1700.430784 -2.579074
E -2.537926 29.350316 35.301968 0.211591
W C 1323.6 1903.9 372.7 1487.3 481.1 720.4 1167.8 794.6 1670.1 1077.9 1783.4 280.7
W E -0.281 120.7 75.0 -2.893 128.1 249.0 -2.419 128.1 295.2 -0.512 210.0 128.1 -0.282 133.8 127.7 -0.015 313.0 150.0
D C 124.8 -274.1 1131.1 -439.3 1466.0 246.2 832.9 546.4 280.4 594.1
F 1542.571402 1700.797484 -2.580484
E -2.531677 29.195934 34.113203 0.188648
W C 1319.6 1902.6 372.4 1487.1 479.7 720.7 1166.4 795.1 1668.1 1076.8 1783.4 280.7
W E -0.314 116.7 73.2 -2.894 125.4 243.6 -2.419 125.4 289.0 -0.510 205.3 125.4 -0.304 131.0 124.8 -0.015 313.0 150.0
D C 113.1 -277.2 1117.5 -438.0 1443.4 251.6 818.1 551.1 264.3 597.6
F 1504.971120 1677.230361 -2.583001
E -2.547856 31.048324 38.713762 0.204533
W C 1315.8 1901.7 372.4 1486.7 478.6 721.1 1165.0 795.8 1666.7 1075.7 1783.4 280.7
W E -0.353 112.2 71.7 -2.896 122.8 238.4 -2.418 122.8 283.1 -0.508 200.8 122.8 -0.328 128.6 122.0 -0.015 313.0 150.0
D C 67.3 -274.8 1066.3 -436.9 1395.6 247.7 770.4 547.0 214.8 601.8
F 1467.689055 1652.761267 -2.573305
E -2.565683 32.859398 43.494480 0.216453
W C 1315.5 1901.6 372.6 1484.7 478.2 720.0 1164.2 796.0 1665.3 1074.5 1783.4 280.7
W E -0.357 112.1 71.5 -2.898 120.4 233.5 -2.417 120.4 277.6 -0.506 196.5 120.4 -0.350 126.3 119.3 -0.015 313.0 150.0
D C 1026.6 -435.5 1364.7 246.5 735.6 539.4 184.2 595.6
F 1467.579337 1652.751303 -2.573701
E -2.570549 32.758047 42.590473 0.196218
W C 1315.5 1901.6 373.4 1484.5 478.4 720.4 1164.3 796.9 1665.3 1074.2 1783.4 280.7
W E -0.359 112.1 71.4 -2.899 118.2 229.2 -2.417 118.1 272.6 -0.504 192.8 118.2 -0.361 124.3 116.9 -0.015 313.0 150.0
D C 997.1 -433.8 1324.9 251.9 698.2 545.7 146.0 600.5
F 1430.016064 1628.317514 -2.571937
E -2.585087 34.454059 46.594952 0.206056
W C 1315.4 1901.5 374.2 1483.3 478.8 719.9 1164.5 797.3 1665.4 1073.7 1780.6 280.1
W E -0.361 112.0 71.2 -2.901 116.0 224.3 -2.416 116.0 267.1 -0.503 188.5 116.1 -0.390 122.2 114.4 -0.002 300.5 145.8
D C 958.2 -434.5 1292.7 249.9 666.4 544.3 474.7 1317.1 112.0 603.8
F 1392.993294 1604.354381 -2.573391
E -2.593894 35.898147 50.523213 0.207375
W C 1309.0 1902.0 375.1 1481.6 478.9 719.4 1164.4 797.5 1665.0 1072.6 1777.6 279.4
W E -0.408 105.3 70.3 -2.903 114.0 219.5 -2.416 114.0 261.7 -0.502 184.4 114.1 -0.413 120.3 112.1 0.011 290.1 141.9
D C -47.4 -285.1 925.1 -422.9 1257.2 251.0 631.5 545.5 438.5 1317.1 81.6 604.0
F 1356.202200 1580.301426 -2.575377
E -2.600368 37.284429 54.433762 0.208702
W C 1303.2 1902.6 375.5 1479.4 479.1 718.4 1164.0 797.4 1664.5 1071.3 1774.6 278.4
W E -0.449 100.0 69.6 -2.904 112.2 215.0 -2.415 112.1 256.5 -0.501 180.4 112.2 -0.428 118.5 109.8 0.022 281.1 138.4
D C -78.6 -288.4 896.0 -426.3 1220.4 251.5 601.9 546.3 407.1 1316.5 48.0 606.7
F 1318.955656 1555.749434 -2.567746
E -2.605347 38.711479 58.421021 0.212438
W C 1303.1 1902.6 375.7 1477.6 479.4 717.6 1163.6 797.6 1664.1 1070.4 1772.9 277.7
W E -0.452 99.9 69.5 -2.906 110.4 210.6 -2.415 110.3 251.6 -0.501 176.7 110.4 -0.436 117.0 107.6 0.034 273.1 135.2
D C 848.2 -429.4 1172.2 252.8 550.1 540.9 358.9 1316.4 -4.2 609.6
F 1282.219415 1531.096316 -2.561451
E -2.609227 40.064783 62.388867 0.214425
W C 1303.1 1902.7 375.4 1474.8 479.6 715.9 1162.7 797.2 1663.2 1068.9 1771.4 276.6
W E -0.453 99.8 69.4 -2.907 108.7 206.5 -2.414 108.6 246.9 -0.502 173.1 108.7 -0.438 115.6 105.5 0.044 265.8 132.3
D C 833.9 -428.6 1149.7 255.4 535.0 545.7 342.8 1320.9 -21.1 610.9
F 1282.332574 1531.190942 -2.560632
E -2.611423 39.890105 61.400367 0.191094
W C 1303.2 1902.8 375.5 1473.5 479.9 715.4 1162.3 797.5 1663.1 1068.1 1770.3 275.8
W E -0.454 99.8 69.4 -2.908 107.1 202.8 -2.414 107.0 242.6 -0.503 169.9 107.1 -0.438 114.3 103.6 0.054 259.5 129.6
D C 801.3 -430.7 1119.8 252.3 506.2 542.3 317.0 1321.4 -51.5 614.4
F 1244.718814 1506.823385 -2.560481
E -2.613682 41.196835 65.264192 0.205872
W C 1303.3 1902.8 376.2 1472.4 480.1 715.3 1162.1 797.9 1663.0 1067.5 1769.4 275.1
W E -0.454 99.8 69.3 -2.910 105.6 199.2 -2.414 105.5 238.5 -0.505 166.9 105.5 -0.434 113.1 101.8 0.062 253.6 127.1
D C 743.2 -420.3 1069.2 254.8 450.7 543.2 262.7 1326.0 -104.8 612.2
F 1207.739666 1482.213082 -2.557844
E -2.615544 42.439088 69.203082 0.212636
W C 1303.4 1902.9 376.4 1470.1 480.2 714.3 1161.2 797.8 1662.6 1066.5 1767.9 274.5
W E -0.455 99.8 69.3 -2.910 104.2 195.7 -2.414 104.1 234.5 -0.507 163.9 104.0 -0.427 112.0 100.1 0.071 248.2 124.8
D C 724.6 -421.6 1054.6 251.3 437.8 541.0 248.2 1316.0 -122.5 613.4
F 1170.557311 1457.577477 -2.555116
E -2.616577 43.630651 73.196347 0.215924
W C 1303.5 1903.0 376.4 1468.0 480.2 713.4 1160.3 797.9 1662.2 1065.5 1766.9 273.8
W E -0.455 99.8 69.3 -2.911 102.8 192.3 -2.413 102.7 230.6 -0.511 161.2 102.6 -0.418 111.0 98.5 0.079 243.1 122.7
D C 681.4 -422.0 1006.0 252.8 390.4 541.0 199.3 1322.5 -167.7 618.9
F 1170.488566 1457.960662 -2.556394
E -2.617219 43.427356 72.385527 0.192975
W C 1303.6 1903.0 376.9 1466.7 480.3 713.1 1159.9 798.1 1662.1 1064.8 1765.8 273.3
W E -0.456 99.8 69.3 -2.912 101.5 189.3 -2.413 101.4 227.0 -0.514 158.7 101.2 -0.410 110.0 97.0 0.086 238.6 120.7
D C 664.2 -417.0 990.9 255.5 375.1 544.0 182.3 1319.4 -184.1 619.0
F 1133.258999 1433.742824 -2.558531
E -2.616877 44.604755 76.354763 0.211672
W C 1303.7 1903.0 377.0 1465.1 480.4 712.4 1159.2 798.1 1662.1 1064.8 1764.6 272.7
W E -0.456 99.7 69.2 -2.912 100.3 186.4 -2.413 100.1 223.7 -0.517 156.4 99.9 -0.416 109.9 96.9 0.092 234.5 118.9
D C 632.6 -416.4 954.7 261.8 340.5 546.0 145.9 1324.3
F 1096.152628 1409.376163 -2.556632
E -2.615860 45.741262 80.454503 0.221118
W C 1303.8 1903.0 377.0 1463.1 480.4 711.5 1158.0 797.9 1662.1 1064.8 1763.3 272.0
W E -0.456 99.7 69.2 -2.912 99.1 183.7 -2.413 99.0 220.5 -0.521 154.2 98.5 -0.419 109.9 96.8 0.099 230.6 117.2
D C 600.0 -416.4 924.3 259.6 313.0 545.7 117.1 1324.1
F 1059.203535 1385.123420 -2.557267
E -2.614633 46.825006 84.618455 0.225724
W C 1304.0 1903.1 376.8 1460.8 480.1 710.5 1156.4 797.6 1662.1 1064.9 1762.3 271.0
W E -0.456 99.7 69.2 -2.911 98.0 181.1 -2.413 97.8 217.3 -0.526 152.3 97.2 -0.421 109.8 96.8 0.105 227.0 115.7
D C 565.1 -415.8 892.5 259.6 281.0 546.6 85.1 1335.0
F 1021.912281 1361.071405 -2.558760
E -2.613234 47.866560 88.830240 0.228207
W C 1304.1 1903.1 376.7 1458.7 479.8 709.6 1154.9 797.2 1662.0 1065.0 1761.2 270.2
W E -0.456 99.7 69.2 -2.910 96.9 178.5 -2.413 96.7 214.3 -0.531 150.4 95.9 -0.423 109.8 96.8 0.111 223.6 114.3
D C 518.1 -408.9 845.8 268.6 232.5 552.9 27.6 1332.7
F 1022.069701 1361.529253 -2.559412
E -2.613417 47.637688 88.061778 0.205310
W C 1304.2 1903.2 376.7 1457.3 479.8 708.9 1154.1 796.9 1662.0 1065.0 1760.3 269.5
W E -0.457 99.7 69.2 -2.910 95.8 176.3 -2.413 95.7 211.5 -0.535 148.8 94.7 -0.424 109.8 96.7 0.116 220.5 112.9
D C 506.2 -414.8 830.8 263.9 219.6 550.2 23.5 1330.5
F 985.083231 1337.577389 -2.559790
E -2.612384 48.635451 92.164486 0.218997
W C 1304.3 1903.2 376.5 1455.4 479.6 708.3 1152.9 796.6 1662.0 1065.0 1759.6 268.7
W E -0.457 99.7 69.2 -2.908 94.8 174.2 -2.414 94.7 208.9 -0.540 147.3 93.5 -0.425 109.8 96.7 0.120 217.6 111.7
D C 477.6 -411.3 797.6 264.2 186.2 548.0 -17.4 1336.7
F 948.294978 1313.484670 -2.556233
E -2.611171 49.592140 96.363199 0.225906
W C 1304.5 1903.3 376.0 1453.3 479.2 707.4 1151.4 796.1 1662.0 1065.1 1758.7 268.0
W E -0.457 99.7 69.2 -2.906 93.8 172.1 -2.414 93.7 206.3 -0.544 145.9 92.3 -0.426 109.7 96.7 0.125 214.8 110.5
D C 442.9 -413.4 768.5 265.0 157.6 551.3 -42.1 1337.7
F 911.655552 1289.606795 -2.556782
E -2.609861 50.497723 100.607104 0.229347
W C 1304.7 1903.3 375.3 1450.8 478.7 706.6 1149.7 795.3 1662.0 1065.2 1757.8 267.2
W E -0.457 99.7 69.2 -2.904 92.8 170.2 -2.415 92.8 203.7 -0.548 144.7 91.1 -0.426 109.7 96.7 0.129 212.2 109.5
D C 412.3 -411.7 732.1 265.1 123.6 552.2 -83.4 1341.0
F 912.047946 1290.348535 -2.557035
E -2.609789 50.220172 99.896079 0.206944
W C 1304.8 1903.4 374.9 1449.2 478.5 706.0 1148.5 794.8 1662.0 1065.2 1757.3 266.5
W E -0.457 99.7 69.2 -2.902 91.9 168.5 -2.415 91.9 201.5 -0.551 143.6 90.0 -0.427 109.7 96.7 0.133 209.9 108.4
D C 396.0 -412.7 718.6 267.7 109.5 552.9 -99.9 1340.5
F 874.976285 1266.427281 -2.556501
E -2.608616 51.109354 104.084263 0.221050
W C 1305.0 1903.4 374.4 1447.9 478.3 705.4 1147.4 794.3 1661.9 1065.3 1756.9 265.9
W E -0.457 99.7 69.2 -2.900 90.9 166.9 -2.416 91.1 199.3 -0.554 142.5 88.8 -0.428 109.7 96.7 0.137 207.6 107.5
D C 351.1 -414.0 669.9 270.9 62.8 555.0 -150.2 1344.9
F 838.175182 1242.675482 -2.558038
E -2.607456 51.948436 108.357734 0.228090
W C 1305.1 1903.5 373.6 1446.3 477.9 704.8 1146.2 793.6 1661.9 1065.4 1756.6 265.1
W E -0.457 99.7 69.1 -2.897 90.0 165.4 -2.417 90.2 197.2 -0.556 141.6 87.7 -0.428 109.7 96.7 0.140 205.5 106.6
D C 320.9 -415.8 639.9 270.2 31.9 553.6 -180.6 1353.2
F 801.603344 1218.946004 -2.556660
E -2.606269 52.747249 112.706344 0.231898
W C 1305.3 1903.5 372.4 1444.2 477.3 704.0 1144.9 792.6 1662.0 1065.4 1755.8 264.4
W E -0.457 99.7 69.1 -2.894 89.0 164.0 -2.418 89.4 195.2 -0.558 140.8 86.7 -0.429 109.6 96.7 0.143 203.5 105.8
D C 291.5 -415.9 612.0 274.1 1.3 557.3 -209.2 1346.5
F 764.809302 1195.388230 -2.558127
E -2.604136 53.534690 117.396324 0.242001
W C 1305.5 1903.6 370.8 1442.3 476.3 703.5 1143.5 791.3 1662.1 1065.5 1755.6 264.5
W E -0.457 99.7 69.1 -2.891 88.0 163.0 -2.420 88.6 193.5 -0.558 140.1 85.7 -0.430 109.6 96.7 0.143 203.2 105.8
D C 259.1 -419.8 579.9 274.8 -29.7 560.6
F 764.881763 1196.194193 -2.560742
E -2.603603 53.190006 116.778724 0.222239
W C 1305.6 1903.6 370.4 1442.0 476.3 703.0 1143.1 790.8 1662.1 1065.6 1755.2 264.5
W E -0.457 99.7 69.1 -2.889 87.1 162.0 -2.420 87.9 192.0 -0.558 139.4 84.8 -0.430 109.6 96.7 0.142 203.0 105.8
D C 214.4 -418.7 534.3 275.6 -76.7 561.9
F 728.060593 1172.813419 -2.561430
E -2.601957 53.949862 121.419997 0.237850
W C 1305.7 1903.6 369.3 1440.9 475.5 702.5 1142.4 789.8 1662.1 1065.6 1755.0 264.5
W E -0.457 99.7 69.1 -2.888 86.1 161.2 -2.421 87.1 190.7 -0.558 138.8 84.0 -0.430 109.6 96.7 0.142 202.8 105.8
D C 201.0 -417.5 520.5 278.7 -95.3 567.1
F 691.123568 1149.587886 -2.566124
E -2.600594 54.663802 126.207356 0.246916
W C 1305.8 1903.6 368.0 1440.1 475.0 702.1 1141.8 788.8 1662.2 1065.7 1754.9 264.6
W E -0.458 99.7 69.1 -2.886 85.2 160.4 -2.423 86.4 189.4 -0.557 138.2 83.2 -0.431 109.6 96.7 0.142 202.7 105.8
D C 156.5 -420.1 471.2 282.9 -139.0 568.0
F 654.894839 1126.740893 -2.566052
E -2.599625 55.333795 131.110815 0.252524
W C 1306.0 1903.7 365.8 1438.7 473.9 701.7 1141.2 787.4 1662.4 1065.8 1754.9 264.7
W E -0.458 99.7 69.1 -2.885 84.2 159.7 -2.424 85.6 188.3 -0.556 137.7 82.5 -0.431 109.6 96.7 0.142 202.5 105.8
D C 142.9 -418.5 452.7 285.2 -155.2 572.6
F 655.039759 1127.839130 -2.572077
E -2.599208 55.036582 130.537827 0.236896
W C 1306.0 1903.7 365.0 1438.3 473.1 701.3 1141.2 787.3 1662.4 1065.8 1755.0 264.7
W E -0.458 99.7 69.1 -2.885 83.3 159.2 -2.425 85.0 187.5 -0.557 137.6 82.4 -0.432 109.6 96.7 0.142 202.5 105.8
D C 110.2 -416.7 423.6 285.4
F 617.378701 1104.758284 -2.580223
E -2.598014 55.815344 135.630653 0.255426
W C 1306.1 1903.7 364.2 1438.0 472.4 700.9 1141.3 787.3 1662.5 1065.9 1755.1 264.7
W E -0.458 99.7 69.1 -2.885 82.5 158.7 -2.425 84.3 186.8 -0.558 137.5 82.3 -0.432 109.6 96.7 0.142 202.4 105.8
D C 66.5 -419.3 375.4 287.9
F 580.224209 1082.048050 -2.585259
E -2.597327 56.541494 140.925844 0.267511
W C 1306.1 1903.6 362.5 1437.3 470.9 700.5 1141.8 787.3 1662.8 1065.9 1755.6 264.8
W E -0.458 99.7 69.1 -2.885 81.6 158.3 -2.426 83.6 186.2 -0.559 137.5 82.3 -0.432 109.6 96.7 0.142 202.3 105.8
D C 49.9 -423.1 356.3 291.0
F 543.036463 1059.379295 -2.592081
E -2.597444 57.209176 146.403869 0.275813
W C 1306.2 1903.6 361.0 1436.9 469.5 700.0 1142.3 787.3 1662.9 1066.0 1756.2 264.9
W E -0.458 99.7 69.1 -2.886 80.8 157.9 -2.426 82.9 185.7 -0.560 137.4 82.2 -0.433 109.6 96.7 0.142 202.3 105.8
D C 4.2 -422.5 309.2 293.0
F 543.541730 1059.975736 -2.595038
E -2.598323 56.847740 145.719186 0.257437
W C 1306.2 1903.6 360.2 1436.8 468.7 699.4 1142.6 787.3 1663.1 1066.0 1756.4 264.9
W E -0.458 99.7 69.1 -2.887 80.0 157.6 -2.427 82.3 185.3 -0.561 137.4 82.2 -0.433 109.6 96.6 0.142 202.2 105.8
D C -11.4 -425.9 290.8 293.1
F 506.229040 1037.264220 -2.596198
E -2.598857 57.508083 151.283125 0.271888
W C 1306.3 1903.6 358.9 1436.6 467.5 698.7 1143.1 787.4 1663.2 1066.1 1756.9 265.0
W E -0.458 99.7 69.1 -2.889 79.3 157.3 -2.427 81.6 184.9 -0.561 137.3 82.1 -0.433 109.6 96.6 0.142 202.2 105.8
D C -39.0 -426.5 257.8 295.7
F 468.770096 1014.621528 -2.600611
E -2.600039 58.097303 157.095958 0.282131
W C 1306.3 1903.6 357.8 1436.7 466.6 697.9 1143.5 787.4 1663.4 1066.2 1757.3 265.1
W E -0.458 99.7 69.1 -2.891 78.7 157.0 -2.426 80.9 184.7 -0.562 137.3 82.1 -0.434 109.6 96.6 0.142 202.1 105.8
D C -86.6 -430.1 204.9 297.1
F 432.761694 991.469320 -2.586442
E -2.601366 58.628844 163.180932 0.290612
W C 1306.4 1903.6 356.0 1436.8 464.9 696.2 1144.3 787.5 1663.6 1066.2 1758.0 265.2
W E -0.458 99.7 69.1 -2.893 78.1 156.7 -2.426 80.0 184.4 -0.562 137.2 82.0 -0.434 109.6 96.6 0.142 202.1 105.8
D C -102.3 -432.3 187.1 295.9
F 398.072871 966.801684 -2.511866
E -2.600668 59.409978 169.472796 0.305372
W C 1306.4 1903.6 353.9 1437.3 464.1 694.9 1145.0 787.6 1663.8 1066.3 1758.7 265.3
W E -0.458 99.7 69.1 -2.895 77.6 156.4 -2.425 79.1 184.2 -0.563 137.2 82.0 -0.434 109.6 96.6 0.142 202.0 105.8
D C -146.8 -436.5 137.0 299.6
F 398.381614 968.644144 -2.525484
E -2.601548 58.914285 168.714468 0.285704
W C 1306.5 1903.6 352.5 1437.6 463.6 694.0 1145.5 787.6 1664.0 1066.4 1759.2 265.4
W E -0.458 99.7 69.1 -2.896 77.2 156.2 -2.424 78.3 184.0 -0.563 137.1 82.0 -0.434 109.6 96.6 0.142 202.0 105.8
D C -165.7 -434.5 126.2 295.0
F 365.226476 938.732706 -2.426582
E -2.599424 59.881222 175.565509 0.316587
W C 1306.5 1903.6 352.5 1437.9 463.2 693.0 1145.5 787.7 1664.0 1066.4 1759.2 265.4
W E -0.458 99.7 69.1 -2.896 77.2 156.1 -2.422 77.5 183.9 -0.563 137.1 82.0 -0.434 109.6 96.6 0.142 202.0 105.8
D C 111.4 279.3
F 334.907563 906.307580 -2.325954
E -2.594545 60.592765 180.949932 0.319515
W C 1306.6 1903.6 352.6 1438.6 462.3 692.3 1145.3 787.8 1663.9 1066.4 1760.4 265.3
W E -0.458 99.7 69.1 -2.894 76.9 155.9 -2.424 75.9 183.0 -0.564 137.1 82.0 -0.435 109.6 96.6 0.145 199.4 105.4
D C 87.3 262.1 -513.4 1503.6
F 307.824440 872.429228 -2.230993
E -2.585155 61.056367 186.284145 0.323881
W C 1306.6 1903.6 353.0 1439.5 460.7 690.7 1145.1 787.9 1663.9 1066.4 1761.4 265.9
W E -0.458 99.7 69.1 -2.892 76.7 155.7 -2.424 74.2 182.2 -0.565 137.0 81.9 -0.435 109.5 96.6 0.148 197.2 105.0
D C 78.5 256.7 -485.0 1510.9
F 283.972256 836.542691 -2.136467
E -2.571541 61.399251 191.470144 0.329352
W C 1306.7 1903.7 353.4 1440.5 459.2 689.0 1144.8 788.0 1663.9 1066.5 1762.4 266.4
W E -0.458 99.7 69.1 -2.890 76.5 155.5 -2.424 72.4 181.5 -0.565 136.9 81.9 -0.435 109.5 96.6 0.151 195.3 104.7
D C 53.9 237.6 -385.1 1552.8
F 283.481145 837.860074 -2.137777
E -2.572366 61.051130 189.684713 0.305604
W C 1306.7 1903.7 353.7 1441.0 458.3 688.3 1144.7 788.1 1663.8 1066.5 1763.3 266.7
W E -0.458 99.7 69.1 -2.889 76.4 155.3 -2.424 71.0 181.0 -0.565 136.9 81.9 -0.435 109.5 96.6 0.155 193.7 104.5
D C 44.0 233.1 -357.2 1562.8
F 263.063002 799.949057 -2.043134
E -2.556069 61.415455 194.586176 0.320592
W C 1306.8 1903.7 354.0 1441.8 457.2 687.1 1144.5 788.1 1663.8 1066.5 1764.0 267.1
W E -0.458 99.7 69.1 -2.887 76.2 155.1 -2.423 69.5 180.5 -0.566 136.8 81.9 -0.435 109.5 96.6 0.158 192.3 104.2
D C 28.3 225.5 -276.6 1587.1
F 247.304257 758.834794 -1.939566
E -2.533627 62.035858 201.126371 0.356450
W C 1306.8 1903.7 354.3 1442.5 456.9 685.5 1144.3 788.2 1663.7 1066.5 1763.7 267.1
W E -0.458 99.7 69.1 -2.886 76.1 155.0 -2.420 68.7 180.3 -0.566 136.8 81.9 -0.435 109.5 96.6 0.158 192.3 104.2
D C 12.0 220.5
F 236.164556 717.599749 -1.835088
E -2.505696 63.127663 207.792982 0.387461
W C 1306.9 1903.8 354.6 1443.2 456.7 683.8 1144.1 788.4 1663.7 1066.5 1763.2 267.1
W E -0.458 99.7 69.1 -2.885 76.0 154.9 -2.417 68.1 180.0 -0.566 136.8 81.9 -0.435 109.5 96.6 0.158 192.2 104.2
D C -3.5 218.5
F 229.011912 674.326830 -1.737952
E -2.471134 65.094215 214.832732 0.416172
W C 1306.9 1903.8 354.8 1443.6 456.7 682.9 1144.0 788.4 1663.7 1066.5 1762.7 267.0
W E -0.458 99.7 69.1 -2.884 75.9 154.9 -2.414 67.7 179.8 -0.566 136.8 81.9 -0.435 109.5 96.6 0.158 192.1 104.2
D C -31.5 220.8
F 229.011912 674.326830 -1.737952
E -2.471134 65.094215 214.832732 0.416172
W C 1306.9 1903.8 354.8 1443.6 456.7 682.9 1144.0 788.4 1663.7 1066.5 1762.7 267.0
W E -0.458 99.7 69.1 -2.884 75.9 154.9 -2.414 67.7 179.8 -0.566 136.8 81.9 -0.435 109.5 96.6 0.158 192.1 104.2
D C
F 222.374378 633.391845 -1.603086
E -2.442316 67.921411 217.996417 0.409825
W C 1306.9 1903.8 355.3 1444.2 455.2 682.1 1143.9 788.4 1663.6 1066.5 1763.7 267.9
W E -0.458 99.7 69.1 -2.883 75.8 154.8 -2.416 67.1 179.5 -0.566 136.8 81.9 -0.435 109.5 96.6 0.160 190.9 104.1
D C 122.1 1605.2
F 220.796108 593.648751 -1.464342
E -2.414134 71.064769 220.464527 0.407588
W C 1306.9 1903.8 355.8 1444.7 454.0 681.3 1143.8 788.4 1663.6 1066.5 1764.3 268.7
W E -0.458 99.7 69.1 -2.882 75.8 154.7 -2.417 66.8 179.2 -0.567 136.7 81.9 -0.436 109.5 96.6 0.163 189.8 104.0
D C 253.5 1583.1
F 240.595826 551.847654 -1.233689
E -2.384965 74.320585 223.199402 0.407035
W C 1307.0 1903.8 355.2 1445.9 452.3 683.4 1142.7 788.6 1665.9 1065.0 1764.0 269.7
W E -0.458 99.7 69.1 -2.882 75.8 154.6 -2.418 66.5 178.9 -0.567 136.7 81.8 -0.457 109.0 96.1 0.161 189.4 103.9
D C 310.7 1567.9
F 231.342313 553.226574 -1.291280
E -2.399652 71.929436 219.743412 0.343086
W C 1307.0 1903.8 355.4 1445.7 452.4 682.1 1141.8 790.0 1666.0 1064.5 1764.5 270.2
W E -0.458 99.7 69.1 -2.881 75.7 154.5 -2.420 66.1 178.5 -0.567 136.2 81.4 -0.456 109.0 96.1 0.163 188.3 103.7
D C 493.5 1497.5 -73.5 911.2
F 240.087477 516.640177 -1.203152
E -2.378114 73.376090 220.166484 0.333348
W C 1307.0 1903.9 355.6 1445.5 452.6 681.0 1140.8 790.9 1666.0 1064.0 1765.2 270.8
W E -0.458 99.7 69.1 -2.881 75.7 154.4 -2.422 65.9 178.1 -0.568 135.9 81.1 -0.456 109.0 96.1 0.164 187.3 103.5
D C 546.3 1473.2 -45.1 905.1
F 254.350703 479.478604 -1.108161
E -2.361219 73.930441 219.449263 0.310198
W C 1307.0 1903.8 355.8 1445.1 453.3 680.1 1140.3 790.7 1665.4 1064.7 1765.7 270.8
W E -0.458 99.7 69.1 -2.880 75.6 154.2 -2.424 65.6 177.5 -0.569 135.4 80.7 -0.475 108.5 95.6 0.164 186.0 103.2
D C 718.3 1366.3 51.8 899.4 -70.7 1510.6
F 274.883950 445.049135 -0.996167
E -0.768073 219.633629 75.295881 0.314793
W C 1307.0 1903.9 355.8 1445.1 453.5 680.0 1139.4 790.9 1665.4 1064.4 1766.6 271.5
W E -0.458 99.7 69.1 -2.879 75.6 154.1 -2.426 65.4 177.3 -0.570 135.1 80.3 -0.475 108.5 95.6 0.164 185.1 103.0
D C 821.0 1281.3 108.2 882.4
F 274.179128 444.475980 -1.007039
E -0.774515 218.148541 73.869181 0.285309
W C 1307.0 1903.9 355.8 1445.1 453.8 679.9 1138.7 790.8 1665.4 1064.3 1767.0 272.0
W E -0.458 99.7 69.1 -2.879 75.6 154.1 -2.427 65.3 177.0 -0.571 134.8 80.0 -0.475 108.5 95.5 0.165 184.3 102.9
D C 865.4 1230.7 138.0 879.0
F 301.866433 413.340153 -0.869305
E -0.751558 218.210799 75.077412 0.302040
W C 1307.0 1903.9 355.8 1445.0 454.2 679.9 1138.1 790.6 1665.5 1064.2 1767.4 272.5
W E -0.458 99.7 69.1 -2.878 75.5 154.0 -2.428 65.1 176.8 -0.572 134.5 79.7 -0.475 108.5 95.5 0.166 183.5 102.7
D C 990.5 1087.7 221.3 842.1
F 330.179639 385.612364 -0.760365
E -0.728779 217.716103 76.391787 0.307263
W C 1307.0 1903.9 355.7 1445.1 454.3 680.0 1137.4 790.3 1665.5 1064.1 1768.2 273.1
W E -0.458 99.7 69.1 -2.878 75.5 154.0 -2.429 65.0 176.6 -0.573 134.3 79.4 -0.475 108.5 95.5 0.166 182.8 102.5
D C 1034.3 1035.8 249.3 824.2
F 363.833600 360.823229 -0.627813
E -0.704973 216.865354 77.946086 0.315092
W C 1307.0 1903.9 355.7 1445.1 454.5 680.0 1136.8 790.0 1665.5 1064.0 1768.6 273.7
W E -0.458 99.7 69.1 -2.877 75.5 153.9 -2.430 64.9 176.4 -0.574 134.0 79.1 -0.475 108.5 95.5 0.167 182.1 102.4
D C 1117.9 868.2 321.9 778.7
F 398.560613 340.245326 -0.510483
E -0.682160 215.503604 79.485577 0.316193
W C 1307.0 1903.9 355.7 1445.2 454.6 680.2 1136.2 789.6 1665.5 1064.0 1769.3 274.3
W E -0.458 99.7 69.1 -2.877 75.5 153.9 -2.430 64.8 176.3 -0.574 133.8 78.8 -0.475 108.5 95.5 0.167 181.4 102.2
D C 1169.4 756.9 368.4 738.9
F 398.477133 339.611917 -0.518265
E -0.686657 214.559353 77.796923 0.285342
W C 1307.0 1903.9 355.7 1445.3 454.7 680.3 1135.7 789.2 1665.5 1064.0 1769.7 274.8
W E -0.458 99.7 69.1 -2.877 75.4 153.8 -2.431 64.7 176.2 -0.574 133.6 78.5 -0.475 108.5 95.5 0.167 180.8 102.0
D C 1186.4 692.7 388.9 718.3
F 438.145644 325.348608 -0.375767
E -0.663900 212.941394 79.145135 0.300682
W C 1307.0 1903.9 355.7 1445.3 455.0 680.4 1135.2 788.7 1665.6 1064.0 1770.0 275.4
W E -0.458 99.7 69.1 -2.876 75.4 153.8 -2.432 64.7 176.0 -0.575 133.3 78.3 -0.475 108.5 95.5 0.168 180.3 101.8
D C 1228.1 496.6 441.6 640.4
F 477.027664 314.464564 -0.254023
E -0.642112 210.774086 80.578231 0.309136
W C 1307.0 1903.9 355.7 1445.4 455.0 680.6 1134.7 788.2 1665.6 1064.0 1770.7 276.0
W E -0.458 99.7 69.1 -2.876 75.4 153.8 -2.432 64.6 175.9 -0.575 133.1 78.0 -0.476 108.5 95.5 0.168 179.7 101.7
D C 1241.8 441.1 458.4 619.1
F 517.779822 309.297379 -0.126093
E -0.621688 208.209355 81.979566 0.311817
W C 1307.0 1903.9 355.7 1445.5 455.0 680.9 1134.2 787.6 1665.6 1064.0 1771.3 276.6
W E -0.458 99.7 69.1 -2.876 75.4 153.7 -2.433 64.5 175.8 -0.574 132.9 77.7 -0.476 108.5 95.5 0.168 179.2 101.5
D C 1244.9 232.8 503.6 533.0
F 519.814190 310.444316 -0.116760
E -0.624499 207.475093 80.337129 0.281674
W C 1307.0 1903.9 355.7 1445.5 455.3 681.0 1133.7 787.1 1665.6 1064.1 1771.3 277.2
W E -0.458 99.7 69.1 -2.876 75.4 153.7 -2.433 64.5 175.7 -0.574 132.7 77.4 -0.476 108.5 95.5 0.169 178.7 101.3
D C 1219.6 102.2 521.9 470.9
F 565.080222 310.385416 -0.069711
E -0.601515 204.386205 80.808829 0.272227
W C 1306.8 1903.2 355.8 1446.3 454.9 681.9 1133.3 787.0 1665.5 1064.1 1771.5 278.0
W E -0.457 99.5 68.8 -2.875 75.3 153.6 -2.433 64.4 175.5 -0.572 132.3 77.1 -0.476 108.5 95.5 0.169 178.2 101.0
D C 1209.0 41.7 528.2 442.3 598.4 1583.6
F 610.588305 313.134495 -0.033302
E -0.578458 201.056944 82.043242 0.268179
W C 1306.6 1903.4 356.4 1445.8 454.6 682.2 1133.0 786.5 1665.5 1064.1 1771.4 278.5
W E -0.457 99.5 68.8 -2.876 75.2 153.2 -2.433 64.3 175.4 -0.571 132.0 76.8 -0.476 108.5 95.5 0.170 177.7 100.7
D C 1155.2 -77.2 513.9 389.1 -227.3 1102.7
F 654.684076 317.720219 -0.001479
E -0.555332 197.726674 83.275177 0.265737
W C 1306.5 1903.5 357.0 1445.6 453.9 682.6 1132.9 786.0 1665.5 1064.1 1771.4 279.1
W E -0.457 99.5 68.8 -2.878 75.0 152.8 -2.434 64.2 175.2 -0.570 131.7 76.6 -0.476 108.5 95.5 0.170 177.2 100.5
D C 1138.0 -104.2 504.8 377.4 -217.7 1107.8
F 698.399205 323.709812 0.031456
E -0.532368 194.412464 84.447128 0.263742
W C 1306.4 1903.6 357.4 1445.5 453.4 683.0 1132.9 785.5 1665.5 1064.1 1771.3 279.5
W E -0.457 99.5 68.8 -2.879 74.9 152.4 -2.434 64.2 175.1 -0.569 131.3 76.3 -0.476 108.4 95.5 0.171 176.8 100.3
D C 1079.7 -145.8 471.7 359.5 -234.2 1119.0
F 698.476677 327.116274 0.048143
E -0.532901 193.446820 82.939947 0.240802
W C 1306.3 1903.6 357.5 1445.4 453.2 683.3 1132.9 784.9 1665.5 1064.1 1771.2 279.9
W E -0.457 99.5 68.8 -2.881 74.8 152.1 -2.435 64.1 175.0 -0.568 131.0 76.0 -0.476 108.4 95.5 0.172 176.3 100.0
D C 1061.5 -150.0 458.2 358.1 -251.2 1114.9
F 743.332113 332.241576 0.064079
E -0.509462 190.072640 84.050054 0.251253
W C 1306.3 1903.6 357.6 1445.3 453.1 683.5 1132.9 784.3 1665.5 1064.1 1771.2 280.2
W E -0.457 99.5 68.8 -2.882 74.7 151.7 -2.435 64.1 174.9 -0.567 130.7 75.8 -0.476 108.4 95.5 0.173 175.9 99.8
D C 1016.0 -149.9 411.8 358.0 -302.9 1118.1
F 787.680632 338.848000 0.078348
E -0.483554 186.709768 84.300135 0.248252
W C 1306.2 1903.2 357.6 1445.8 452.6 684.3 1132.8 784.1 1665.4 1064.1 1771.1 280.9
W E -0.455 99.2 68.6 -2.883 74.5 151.3 -2.435 64.0 174.6 -0.564 130.2 75.5 -0.477 108.4 95.5 0.174 175.4 99.3
D C 985.4 -154.7 381.6 355.0 618.0 1482.2 -325.8 1120.5
F 830.970055 345.106660 0.091699
E -0.458892 183.452095 85.482676 0.255244
W C 1306.2 1903.3 357.8 1446.0 452.0 684.8 1133.1 783.4 1665.4 1064.1 1770.9 281.2
W E -0.455 99.2 68.6 -2.884 74.4 151.0 -2.435 63.9 174.5 -0.562 129.9 75.2 -0.477 108.4 95.5 0.175 175.0 99.1
D C 965.4 -154.6 363.7 357.6 -338.5 1125.2
F 873.171506 350.580857 0.096540
E -0.438097 179.735776 85.359505 0.248652
W C 1306.1 1903.3 357.9 1446.3 451.2 685.3 1133.4 782.4 1665.5 1064.7 1770.3 281.2
W E -0.455 99.2 68.6 -2.886 74.2 150.6 -2.436 63.8 174.3 -0.561 129.3 74.9 -0.478 107.9 94.7 0.174 174.1 98.6
D C 920.6 -156.1 865.4 667.9 316.4 356.2 -393.2 1128.9
F 873.419853 350.914576 0.096743
E -0.444662 178.565370 83.209550 0.228444
W C 1306.1 1903.3 358.0 1446.3 451.3 685.4 1133.7 781.6 1665.2 1065.1 1770.6 281.3
W E -0.455 99.2 68.6 -2.886 74.2 150.5 -2.437 63.7 174.1 -0.560 128.9 74.5 -0.480 107.5 93.9 0.172 173.3 98.1
D C 887.6 -156.1 828.7 664.3 284.4 355.9
F 917.611104 355.672001 0.099597
E -0.423002 175.286803 83.284708 0.242416
W C 1306.1 1903.3 358.1 1446.5 451.1 685.6 1134.0 780.9 1665.0 1065.6 1770.5 281.3
W E -0.455 99.2 68.6 -2.886 74.2 150.4 -2.438 63.7 174.0 -0.559 128.4 74.2 -0.481 107.1 93.2 0.171 172.6 97.7
D C 850.6 -157.7 797.1 663.4 250.3 355.9
F 960.582776 360.544235 0.102128
E -0.400912 172.178402 83.412443 0.249361
W C 1306.1 1903.3 358.1 1446.7 450.8 685.8 1134.4 780.1 1664.8 1066.1 1770.4 281.3
W E -0.455 99.2 68.6 -2.885 74.1 150.4 -2.438 63.6 173.8 -0.558 128.0 73.9 -0.482 106.7 92.5 0.170 171.8 97.2
D C 818.5 -162.2 765.7 657.4 220.1 357.8
F 1002.380419 365.817984 0.108833
E -0.377634 169.183421 83.645681 0.253693
W C 1306.1 1903.3 358.2 1447.2 450.0 686.3 1135.1 779.2 1664.8 1066.7 1769.7 281.0
W E -0.455 99.2 68.6 -2.885 74.1 150.3 -2.439 63.5 173.7 -0.557 127.5 73.6 -0.482 106.3 91.9 0.168 171.1 96.7
D C 802.3 -166.7 749.5 655.6 206.9 358.1
F 1002.905411 365.604498 0.105527
E -0.383784 168.245475 81.824694 0.232735
W C 1306.1 1903.3 358.2 1447.2 450.2 686.2 1135.2 778.6 1664.4 1067.1 1770.1 281.0
W E -0.455 99.2 68.6 -2.885 74.1 150.3 -2.440 63.5 173.5 -0.557 127.1 73.3 -0.481 105.9 91.3 0.168 170.5 96.2
D C 758.5 -167.3 700.8 660.0 156.1 358.9
F 1046.178799 370.297869 0.106036
E -0.358914 165.484730 82.084093 0.245341
W C 1306.1 1903.2 358.3 1447.4 449.9 686.4 1135.6 778.0 1664.2 1067.7 1770.0 280.8
W E -0.455 99.2 68.6 -2.885 74.1 150.2 -2.440 63.4 173.4 -0.557 126.7 73.0 -0.480 105.6 90.7 0.167 169.9 95.8
D C 739.3 -167.8 679.8 660.2 139.5 359.2
F 1090.018013 374.865530 0.105498
E -0.333320 162.867378 82.466309 0.252336
W C 1306.1 1903.2 358.4 1447.5 449.7 686.6 1136.0 777.4 1663.9 1068.2 1770.0 280.5
W E -0.455 99.2 68.6 -2.885 74.1 150.1 -2.441 63.4 173.3 -0.558 126.3 72.8 -0.478 105.2 90.2 0.166 169.3 95.3
D C 693.8 -171.0 631.8 664.6 94.7 360.3
F 1132.877214 379.410013 0.106754
E -0.307403 160.426685 82.906399 0.255628
W C 1306.1 1903.2 358.5 1447.7 449.4 686.8 1136.5 776.9 1663.6 1068.7 1770.0 280.3
W E -0.455 99.2 68.6 -2.885 74.1 150.1 -2.441 63.3 173.2 -0.559 125.9 72.5 -0.476 104.8 89.6 0.165 168.7 94.7
D C 666.3 -170.7 595.6 658.1 63.8 362.6
F 1174.438550 384.137154 0.113253
E -0.280579 158.138828 83.413642 0.257645
W C 1306.1 1903.2 358.6 1448.1 448.7 687.1 1137.1 776.5 1663.5 1069.2 1769.6 279.9
W E -0.455 99.2 68.6 -2.885 74.0 150.0 -2.442 63.3 173.1 -0.560 125.5 72.2 -0.472 104.4 89.1 0.165 168.2 94.2
D C 648.8 -174.7 583.1 656.4 47.9 363.1
F 1174.650617 383.820968 0.109325
E -0.286809 157.396673 81.446153 0.235864
W C 1306.1 1903.2 358.6 1448.1 448.8 687.1 1137.2 776.1 1663.2 1069.6 1770.1 279.7
W E -0.455 99.2 68.5 -2.885 74.0 150.0 -2.442 63.2 173.0 -0.561 125.2 71.9 -0.469 104.0 88.5 0.164 167.7 93.7
D C 603.7 -176.6 536.2 654.4 -0.3 365.0
F 1218.473767 388.721637 0.122163
E -0.258585 155.297953 81.963297 0.247769
W C 1306.1 1903.2 358.7 1448.2 448.7 687.2 1137.3 775.7 1662.9 1069.9 1770.5 279.6
W E -0.455 99.2 68.5 -2.884 74.0 150.0 -2.442 63.2 172.9 -0.562 124.9 71.6 -0.466 103.6 88.0 0.163 167.2 93.1
D C 570.1 -174.4 500.0 654.1 -32.9 366.1
F 1262.095550 395.046129 0.187906
E -0.229649 153.237400 82.611261 0.262039
W C 1306.1 1903.2 358.8 1448.4 448.5 687.4 1137.6 775.1 1662.5 1070.2 1771.2 279.7
W E -0.455 99.2 68.5 -2.884 74.0 149.9 -2.443 63.2 172.8 -0.563 124.7 71.3 -0.461 103.2 87.5 0.163 166.8 92.6
D C 540.6 -176.3 467.2 651.6 -64.7 364.7
F 1303.253664 404.362405 0.297681
E -0.201213 151.115946 83.320429 0.281703
W C 1306.2 1903.2 358.9 1448.8 448.2 687.7 1137.9 774.3 1661.9 1070.5 1771.8 280.0
W E -0.455 99.2 68.5 -2.884 74.0 149.9 -2.443 63.1 172.7 -0.565 124.4 71.0 -0.457 102.9 87.0 0.162 166.4 92.0
D C 495.0 -211.8 473.4 623.2 -72.1 366.8
F 1303.407799 401.774320 0.274000
E -0.207716 150.536474 81.333707 0.252388
W C 1306.2 1903.2 358.9 1448.8 448.2 687.8 1138.0 773.8 1661.5 1070.9 1772.5 279.9
W E -0.455 99.2 68.5 -2.884 74.0 149.8 -2.443 63.1 172.6 -0.566 124.2 70.7 -0.452 102.5 86.5 0.162 166.0 91.5
D C 467.3 -233.0 477.6 609.1 -77.0 367.7
F 1343.761082 418.888350 0.413683
E -0.175514 148.172998 81.346703 0.270510
W C 1305.5 1903.1 359.1 1449.3 448.0 688.4 1138.3 773.6 1661.4 1071.2 1772.8 279.5
W E -0.449 98.6 68.3 -2.884 74.0 149.7 -2.443 63.1 172.5 -0.566 123.9 70.4 -0.444 101.9 86.0 0.161 165.6 90.6
D C 384.1 -301.2 513.5 530.3 421.7 1394.0 -68.8 368.2
F 1379.177546 440.056940 0.535849
E -0.150041 145.470931 81.140978 0.268557
W C 1305.3 1902.8 359.1 1449.7 447.8 688.8 1138.3 773.4 1661.2 1071.6 1773.3 279.4
W E -0.444 98.2 68.2 -2.884 74.0 149.6 -2.443 63.0 172.3 -0.566 123.6 70.0 -0.436 101.4 85.6 0.159 165.2 89.8
D C 292.0 -357.5 542.5 445.9 577.0 1315.3 -59.0 372.3
F 1411.454116 461.865850 0.625321
E -0.128178 142.482330 80.945061 0.264881
W C 1305.2 1902.5 359.2 1450.2 447.4 689.3 1138.4 773.3 1661.0 1071.9 1773.8 279.4
W E -0.439 97.7 68.0 -2.884 74.0 149.4 -2.443 63.0 172.1 -0.566 123.3 69.6 -0.427 100.9 85.1 0.157 164.8 88.9
D C 255.9 -377.3 547.0 414.2 621.5 1275.8 -54.4 372.7
F 1411.847133 462.803410 0.626619
E -0.134036 141.886884 79.422862 0.241093
W C 1305.1 1902.5 359.2 1450.1 447.6 689.2 1138.5 772.9 1660.7 1072.4 1774.4 279.1
W E -0.439 97.6 68.0 -2.884 74.0 149.4 -2.444 63.0 172.1 -0.567 123.1 69.2 -0.423 100.5 84.7 0.157 164.5 88.4
D C 187.9 -402.9 556.5 357.8 -47.5 373.2
F 1440.724501 491.941343 0.755068
E -0.112565 138.791014 79.485414 0.255124
W C 1305.2 1902.0 359.3 1450.5 447.4 689.6 1138.4 772.8 1660.5 1073.0 1774.9 279.2
W E -0.434 97.2 67.8 -2.884 74.0 149.3 -2.444 63.0 171.9 -0.567 122.8 68.8 -0.415 99.9 84.2 0.155 164.1 87.7
D C 120.7 -424.8 560.1 299.9 791.8 1126.0 -41.8 374.4
F 1465.714795 522.976867 0.867639
E -0.095890 135.493889 79.567592 0.259028
W C 1305.3 1901.6 359.3 1450.9 447.1 690.0 1138.2 772.7 1660.3 1073.5 1775.5 279.3
W E -0.429 96.7 67.6 -2.883 74.0 149.2 -2.444 62.9 171.8 -0.566 122.5 68.4 -0.408 99.4 83.8 0.154 163.8 86.9
D C 45.3 -442.5 558.3 237.8 874.6 1034.6 -34.7 373.1
F 1487.281445 554.840935 0.973255
E -0.087040 132.120428 80.475109 0.275716
W C 1305.8 1901.5 359.3 1451.0 446.9 690.1 1138.0 772.4 1659.7 1074.1 1776.9 279.6
W E -0.429 96.7 67.6 -2.883 73.9 149.1 -2.444 62.9 171.7 -0.567 122.4 68.0 -0.405 99.0 83.4 0.153 163.5 86.5
D C 8.6 -446.6 556.9 207.5 -31.4 374.2
F 1503.047719 585.779939 1.093835
E -0.075709 128.797334 80.403581 0.261616
W C 1305.7 1901.2 359.3 1451.2 446.5 690.5 1137.8 772.5 1659.8 1074.5 1777.5 279.4
W E -0.424 96.2 67.5 -2.886 73.7 148.7 -2.444 62.9 171.6 -0.565 122.1 67.6 -0.398 98.3 83.0 0.151 163.0 85.8
D C -104.3 -453.2 534.5 120.4 998.4 846.7 194.9 1410.6 -21.0 374.8
F 1500.982731 588.065575 1.107605
E -0.072861 127.882927 78.633916 0.222069
W C 1305.8 1900.8 359.5 1451.6 446.7 690.9 1137.2 772.0 1659.3 1075.1 1778.4 280.0
W E -0.420 95.7 67.3 -2.888 73.5 148.3 -2.444 62.8 171.2 -0.564 121.8 67.1 -0.391 97.7 82.6 0.150 162.6 85.2
D C -178.0 -446.0 512.5 55.6 1055.3 725.2 322.9 1383.0 -9.3 369.3 -318.6 961.9
F 1508.791811 624.767449 1.285222
E -0.063455 124.432065 79.216469 0.245490
W C 1305.8 1900.4 359.6 1451.8 447.0 691.0 1137.0 771.6 1659.1 1075.6 1778.0 280.3
W E -0.415 95.3 67.1 -2.891 73.3 148.0 -2.445 62.6 170.9 -0.562 121.5 66.6 -0.385 97.0 82.2 0.148 162.4 84.7
D C 488.7 -19.1 1115.7 575.6 473.2 1325.7 13.1 361.8 -220.7 993.5
F 1512.140374 661.397168 1.442365
E -0.065033 120.992363 79.466701 0.260111
W C 1305.7 1900.2 359.8 1452.0 446.8 691.4 1137.1 771.2 1659.1 1076.1 1777.6 280.3
W E -0.411 94.8 67.0 -2.893 73.0 147.6 -2.445 62.6 170.8 -0.560 121.2 66.1 -0.378 96.3 81.9 0.147 162.2 84.3
D C 456.0 -83.1 1153.1 425.6 612.4 1247.4 33.3 351.8
F 1508.175700 698.627780 1.615809
E -0.082920 117.726119 79.916602 0.277800
W C 1305.6 1900.2 360.1 1451.9 446.7 691.5 1137.1 770.4 1659.1 1076.6 1777.5 280.6
W E -0.411 94.8 67.0 -2.895 72.8 147.3 -2.445 62.6 170.7 -0.558 121.1 65.7 -0.374 95.8 81.6 0.146 162.1 84.1
D C 388.3 -177.5 791.3 1096.5 58.8 334.4
F 1506.287917 700.458593 1.627546
E -0.072902 117.123953 78.578001 0.241519
W C 1305.8 1899.8 360.2 1452.2 446.4 691.9 1136.8 769.9 1659.2 1076.9 1777.3 281.4
W E -0.407 94.3 66.8 -2.898 72.6 147.0 -2.445 62.6 170.6 -0.556 120.8 65.3 -0.365 95.1 81.2 0.145 161.9 83.8
D C 361.4 -204.4 1167.8 112.3 848.8 1048.9 66.9 327.2
F 1494.788849 738.000116 1.812194
E -0.101756 113.885598 78.250195 0.262373
W C 1305.7 1899.6 360.4 1452.6 446.1 692.3 1136.7 769.4 1659.4 1077.3 1777.0 281.9
W E -0.404 93.9 66.7 -2.900 72.4 146.7 -2.445 62.6 170.5 -0.553 120.6 64.9 -0.353 94.5 80.9 0.144 161.8 83.5
D C 299.1 -257.6 1139.5 -48.1 958.3 919.4 80.4 309.7
F 1479.159733 772.046919 1.971160
E -0.139044 111.200259 77.349052 0.267284
W C 1305.4 1899.3 360.5 1453.1 445.8 692.8 1136.7 769.0 1659.5 1077.6 1776.5 282.1
W E -0.400 93.4 66.5 -2.901 72.2 146.3 -2.444 62.6 170.4 -0.550 120.3 64.5 -0.337 93.8 80.5 0.143 161.7 83.2
D C 230.0 -296.1 1093.5 -195.8 1039.4 787.0 91.0 291.0
F 1459.919888 802.682208 2.114822
E -0.178226 109.051316 76.086040 0.266913
W C 1305.3 1899.1 360.6 1453.5 445.5 693.1 1136.9 768.5 1659.6 1078.2 1776.1 282.0
W E -0.397 93.0 66.4 -2.903 72.0 146.0 -2.444 62.5 170.3 -0.546 120.0 64.1 -0.316 93.1 80.1 0.142 161.5 82.9
D C 160.0 -329.9 1025.6 -345.0 1108.0 642.3 100.3 272.9
F 1438.808110 832.750303 2.191624
E -0.213361 107.074139 74.522641 0.257389
W C 1305.1 1898.9 360.7 1453.8 445.4 693.2 1137.1 768.4 1659.6 1079.1 1775.5 281.2
W E -0.394 92.6 66.2 -2.905 71.8 145.7 -2.444 62.5 170.2 -0.542 119.7 63.7 -0.293 92.5 79.7 0.141 161.4 82.7
D C 126.2 -345.2 988.0 -411.9 1127.3 564.2 103.5 264.0
F 1435.045185 833.083152 2.220750
E -0.203198 106.330925 73.320470 0.227898
W C 1305.1 1898.7 360.7 1454.3 445.2 693.5 1137.1 767.9 1659.7 1079.3 1775.3 281.6
W E -0.391 92.2 66.1 -2.907 71.5 145.5 -2.444 62.5 170.1 -0.538 119.4 63.3 -0.271 91.9 79.3 0.141 161.3 82.5
D C 21.0 -374.4 861.3 -590.0 1181.2 351.4 111.6 238.2
F 1402.711071 867.157292 2.267302
E -0.243896 104.345663 71.974289 0.234960
W C 1305.1 1898.6 360.7 1454.7 445.1 693.7 1137.1 767.6 1659.5 1079.4 1775.5 281.9
W E -0.388 91.8 66.0 -2.908 71.3 145.2 -2.444 62.5 170.1 -0.533 119.1 63.0 -0.247 91.4 78.8 0.140 161.3 82.3
D C -50.1 -379.6 773.3 -670.2 1165.1 240.1 99.6 227.0
F 1368.296888 897.060114 2.325949
E -0.283826 102.590440 70.805856 0.230726
W C 1304.7 1898.4 360.7 1455.0 445.2 694.9 1137.4 766.6 1658.9 1080.0 1775.7 281.7
W E -0.385 91.4 65.8 -2.910 71.1 144.9 -2.444 62.3 169.8 -0.528 118.6 62.6 -0.224 90.9 78.2 0.139 161.2 82.1
D C -106.3 -380.6 702.3 -697.0 1136.0 194.4 558.8 694.9 69.4 222.0
F 1333.567304 925.020864 2.371094
E -0.326917 101.317706 70.255558 0.234358
W C 1304.7 1898.1 360.9 1455.4 445.2 695.8 1137.6 765.8 1658.0 1081.0 1776.0 281.5
W E -0.384 91.0 65.7 -2.911 70.9 144.7 -2.444 62.2 169.5 -0.523 118.1 62.3 -0.210 90.6 78.0 0.139 161.1 82.0
D C 638.2 -720.6 1103.8 147.3 549.8 679.4 42.0 219.2
F 1329.553677 924.878871 2.387372
E -0.329552 100.682874 69.284701 0.212483
W C 1304.7 1897.7 361.3 1455.5 445.8 696.1 1139.0 763.7 1656.2 1082.5 1776.3 281.9
W E -0.382 90.7 65.5 -2.912 70.7 144.4 -2.444 62.0 169.2 -0.519 117.6 62.1 -0.199 90.4 77.9 0.139 161.1 81.9
D C 583.9 -723.9 1056.0 144.2 505.9 678.8 -5.6 223.2
F 1293.238179 954.457429 2.406999
E -0.378234 99.703187 68.840448 0.227214
W C 1304.5 1897.5 361.5 1455.8 446.0 696.6 1139.7 762.7 1655.3 1083.2 1776.3 281.9
W E -0.381 90.4 65.4 -2.913 70.5 144.1 -2.444 61.9 168.9 -0.515 117.2 61.9 -0.190 90.2 77.8 0.139 161.1 81.8
D C 568.0 -722.2 1029.5 143.8 487.8 675.9 -21.7 225.9
F 1257.632939 982.612218 2.428292
E -0.426900 99.136668 68.778913 0.237366
W C 1304.1 1897.4 361.7 1456.1 446.2 697.1 1139.9 762.1 1654.9 1083.5 1776.3 281.9
W E -0.380 90.0 65.3 -2.914 70.3 143.9 -2.444 61.7 168.6 -0.514 117.1 61.8 -0.183 90.1 77.8 0.139 161.0 81.7
D C 539.2 -725.9 994.3 145.1 452.1 682.3
F 1222.052430 1010.185099 2.442635
E -0.476364 98.738071 68.943625 0.242498
W C 1303.7 1897.3 361.8 1456.5 446.2 697.6 1140.1 761.7 1654.8 1083.6 1776.3 281.8
W E -0.379 89.7 65.1 -2.915 70.1 143.6 -2.444 61.6 168.4 -0.512 117.0 61.7 -0.178 89.9 77.7 0.139 161.0 81.7
D C 502.1 -721.1 959.5 143.1 423.8 679.6
F 1220.651546 1009.556217 2.451042
E -0.483166 98.357731 67.807654 0.220599
W C 1303.4 1897.1 362.1 1456.6 446.5 697.7 1140.0 761.6 1654.4 1083.9 1776.2 281.8
W E -0.378 89.4 65.0 -2.916 69.9 143.4 -2.444 61.4 168.1 -0.511 116.9 61.6 -0.173 89.9 77.6 0.138 161.0 81.6
D C 472.7 -720.6 927.4 144.1 389.9 684.6
F 1185.349165 1036.913948 2.459833
E -0.533531 98.168835 67.910885 0.233483
W C 1303.1 1896.9 362.3 1456.8 446.6 698.0 1140.0 761.5 1654.3 1084.0 1776.1 281.8
W E -0.378 89.1 64.8 -2.917 69.7 143.2 -2.444 61.3 167.8 -0.510 116.8 61.6 -0.168 89.8 77.6 0.138 161.0 81.5
D C 439.7 -722.3 894.6 141.8 365.5 685.0
F 1149.790428 1064.283890 2.468087
E -0.585012 98.138116 68.258722 0.240750
W C 1302.6 1896.9 362.5 1457.1 446.7 698.3 1140.1 761.4 1654.2 1084.0 1776.0 281.7
W E -0.378 88.7 64.7 -2.918 69.5 142.9 -2.443 61.1 167.6 -0.510 116.7 61.5 -0.164 89.7 77.5 0.138 161.0 81.5
D C 408.0 -724.1 862.3 144.8 327.5 688.2
F 1114.329100 1091.806423 2.469692
E -0.637502 98.249414 68.778224 0.244414
W C 1302.2 1896.8 362.7 1457.4 446.8 698.5 1140.0 761.4 1654.2 1084.0 1775.9 281.6
W E -0.378 88.4 64.6 -2.918 69.3 142.7 -2.443 61.0 167.3 -0.509 116.7 61.4 -0.161 89.6 77.5 0.138 161.0 81.4
D C 363.4 -720.5 813.0 149.4 278.9 692.8
F 1079.216924 1118.659328 2.475693
E -0.691389 98.500653 69.415588 0.246251
W C 1301.4 1896.9 362.8 1457.9 446.6 699.1 1140.2 761.2 1654.4 1083.7 1775.8 281.4
W E -0.379 88.1 64.5 -2.919 69.1 142.5 -2.443 60.8 167.0 -0.508 116.6 61.4 -0.157 89.6 77.5 0.138 161.0 81.4
D C 347.9 -722.6 793.1 145.8 265.8 690.5
F 1044.326642 1145.355442 2.477057
E -0.746547 98.898221 70.128573 0.247197
W C 1300.6 1897.0 362.8 1458.5 446.4 699.8 1140.4 761.0 1654.7 1083.4 1775.6 281.1
W E -0.379 87.8 64.3 -2.920 68.9 142.2 -2.443 60.7 166.8 -0.507 116.6 61.3 -0.154 89.5 77.4 0.138 161.0 81.3
D C 313.2 -723.1 758.5 146.6 233.0 692.6
F 1043.851008 1145.217516 2.478293
E -0.744815 98.554088 68.505299 0.223986
W C 1300.2 1896.9 363.2 1458.6 446.6 699.9 1140.3 761.0 1654.6 1083.4 1775.5 281.1
W E -0.380 87.5 64.2 -2.920 68.7 142.0 -2.442 60.6 166.5 -0.507 116.5 61.3 -0.151 89.4 77.4 0.138 161.0 81.2
D C 264.4 -723.1 708.3 143.7 184.1 692.2
F 1008.461493 1172.398975 2.479671
E -2.369834 69.157175 99.126171 0.236426
W C 1299.6 1897.0 363.4 1459.0 446.5 700.3 1140.4 760.9 1654.7 1083.3 1775.4 280.9
W E -0.381 87.1 64.1 -2.920 68.5 141.8 -2.442 60.4 166.3 -0.506 116.5 61.2 -0.148 89.4 77.3 0.138 160.9 81.2
D C 249.0 -721.9 691.2 144.6 166.4 693.4
F 973.290471 1199.407332 2.480676
E -2.424686 69.929371 99.831735 0.242624
W C 1298.9 1897.0 363.6 1459.4 446.5 700.6 1140.5 760.8 1654.8 1083.2 1775.3 280.7
W E -0.382 86.8 64.0 -2.921 68.3 141.6 -2.442 60.3 166.0 -0.505 116.4 61.2 -0.145 89.3 77.3 0.138 160.9 81.2
D C 200.8 -723.4 644.3 145.2 118.3 697.5
F 937.254766 1225.656838 2.490099
E -2.479373 71.433719 100.846464 0.255745
W C 1298.8 1897.0 363.4 1459.7 446.3 700.9 1140.6 760.7 1655.0 1083.0 1775.3 280.6
W E -0.383 86.7 64.0 -2.921 68.2 141.4 -2.442 60.2 165.8 -0.505 116.4 61.2 -0.144 89.3 77.3 0.138 160.9 81.1
D C 625.4 147.0 103.3 700.2
F 937.530408 1225.589227 2.488535
E -2.473261 69.690633 100.463225 0.230190
W C 1298.2 1897.0 363.7 1460.1 446.3 701.2 1140.6 760.6 1655.1 1082.9 1775.2 280.5
W E -0.384 86.4 63.8 -2.922 68.0 141.2 -2.441 60.1 165.6 -0.505 116.4 61.1 -0.141 89.3 77.3 0.138 160.9 81.1
D C 153.4 -722.0 592.6 145.0 75.1 701.7
F 901.235863 1252.430030 2.498053
E -2.526301 71.127712 101.655458 0.248918
W C 1298.1 1897.0 363.8 1460.1 446.4 701.1 1140.6 760.6 1655.0 1083.0 1775.2 280.5
W E -0.386 86.3 63.8 -2.922 67.8 141.0 -2.441 60.0 165.4 -0.505 116.4 61.1 -0.140 89.2 77.2 0.138 160.9 81.1
D C 548.2 148.5 25.4 704.5
F 866.201200 1276.593471 2.608532
E -2.573521 72.174612 103.554389 0.271068
W C 1296.9 1897.5 364.1 1460.4 446.4 701.5 1140.8 760.1 1655.3 1082.5 1775.1 280.0
W E -0.387 86.0 63.7 -2.923 67.6 140.8 -2.441 59.8 165.2 -0.504 116.3 61.0 -0.138 89.2 77.2 0.138 160.9 81.0
D C 94.8 -727.4 530.3 145.4 6.0 704.9
F 833.298574 1293.745415 2.765828
E -2.593624 73.464049 106.263304 0.303584
W C 1295.7 1898.0 364.5 1460.7 446.5 702.0 1141.1 759.6 1655.6 1082.1 1774.9 279.5
W E -0.389 85.7 63.6 -2.923 67.5 140.6 -2.441 59.7 165.0 -0.504 116.3 61.0 -0.135 89.2 77.2 0.138 160.9 81.0
D C -17.4 -730.3 501.2 85.8 46.7 697.9
F 807.393396 1306.035679 2.860364
E -2.610185 74.086275 108.235012 0.299808
W C 1294.5 1898.5 364.8 1461.0 446.4 702.4 1141.4 759.1 1655.9 1081.6 1774.9 279.0
W E -0.391 85.4 63.5 -2.923 67.3 140.4 -2.440 59.6 164.8 -0.503 116.3 61.0 -0.133 89.1 77.2 0.138 160.9 81.0
D C -69.5 -734.5 488.2 51.5 80.8 694.3
F 808.540159 1305.992426 2.848057
E -2.604324 72.617975 107.678182 0.259183
W C 1293.5 1898.8 365.1 1461.3 446.5 702.6 1141.6 758.8 1656.2 1081.3 1774.9 278.7
W E -0.392 85.1 63.4 -2.923 67.1 140.2 -2.440 59.5 164.6 -0.503 116.2 60.9 -0.131 89.1 77.1 0.138 160.9 80.9
D C -201.2 -720.6 470.1 -31.4 163.9 665.1
F 776.473159 1307.417609 3.040930
E -2.617100 73.504056 109.746254 0.286372
W C 1292.6 1899.1 365.4 1461.7 446.6 702.7 1141.9 758.4 1656.5 1081.0 1774.9 278.4
W E -0.395 84.8 63.3 -2.923 66.9 140.0 -2.440 59.4 164.4 -0.502 116.2 60.9 -0.129 89.0 77.1 0.138 160.9 80.9
D C -325.3 -689.0 438.1 -100.9 236.4 637.5
F 744.509461 1303.102921 -3.044879
E -2.629047 74.708553 111.981789 0.308129
W C 1293.1 1898.9 365.0 1461.7 446.7 702.8 1141.8 758.5 1656.4 1081.1 1774.9 278.5
W E -0.396 84.7 63.3 -2.923 66.8 139.8 -2.440 59.3 164.3 -0.502 116.2 60.9 -0.128 89.0 77.1 0.138 160.9 80.9
D C 394.8 -176.1 312.9 586.5
F 713.804748 1291.075730 -2.830717
E -2.640696 75.783310 114.385802 0.319036
W C 1293.2 1898.8 364.8 1461.8 446.8 702.8 1141.8 758.6 1656.3 1081.1 1774.8 278.5
W E -0.397 84.6 63.3 -2.923 66.6 139.7 -2.440 59.2 164.1 -0.502 116.2 60.9 -0.128 89.0 77.1 0.138 160.9 80.9
D C 305.4 -271.4 408.1 491.9
F 713.587852 1289.802391 -2.820250
E -2.636461 74.676181 113.983620 0.282170
W C 1293.1 1898.9 364.7 1461.9 446.9 702.8 1141.8 758.5 1656.3 1081.1 1774.8 278.4
W E -0.398 84.6 63.3 -2.924 66.5 139.6 -2.440 59.1 164.0 -0.502 116.2 60.9 -0.127 89.0 77.1 0.138 160.9 80.9
D C 272.6 -298.5 432.8 455.2
F 686.091974 1270.016180 -2.597845
E -2.648989 75.583973 116.349341 0.296099
W C 1293.2 1898.8 364.5 1462.1 447.0 702.8 1141.8 758.7 1656.4 1081.0 1774.7 278.3
W E -0.399 84.5 63.2 -2.924 66.4 139.5 -2.440 59.0 163.8 -0.502 116.1 60.8 -0.127 89.0 77.1 0.138 160.9 80.9
D C 197.6 -343.3 477.5 375.6 -139.4 637.0
F 663.935332 1247.800742 -2.411691
E -2.657874 75.770279 118.797213 0.297316
W C 1293.5 1898.7 364.1 1462.2 447.0 702.8 1141.7 758.9 1656.5 1080.9 1774.6 278.3
W E -0.400 84.4 63.2 -2.925 66.3 139.4 -2.440 58.9 163.7 -0.502 116.0 60.7 -0.126 88.9 77.1 0.137 160.8 80.9
D C 121.6 -374.7 509.4 295.3 -59.8 642.2
F 646.161788 1223.422469 -2.243724
E -2.660909 75.568988 121.296818 0.297364
W C 1293.8 1898.5 363.6 1462.4 447.1 702.8 1141.7 759.2 1656.6 1080.7 1774.6 278.3
W E -0.401 84.4 63.2 -2.925 66.2 139.3 -2.440 58.8 163.5 -0.502 116.0 60.6 -0.126 88.9 77.1 0.137 160.8 80.9
D C 44.4 -397.5 526.6 212.9 9.4 643.2
F 634.561098 1195.082012 -2.055164
E -2.657879 75.077803 123.690632 0.295415
W C 1294.2 1898.4 363.1 1462.4 447.1 702.9 1141.6 759.4 1656.8 1080.6 1774.7 278.3
W E -0.402 84.3 63.2 -2.926 66.0 139.2 -2.440 58.7 163.4 -0.502 115.9 60.6 -0.125 88.9 77.1 0.137 160.8 80.9
D C -79.6 -408.3 527.6 77.0 122.2 616.6
F 636.233219 1194.507960 -2.043049
E -2.661421 73.484561 123.076109 0.248717
W C 1294.4 1898.5 362.7 1462.3 447.2 702.9 1141.5 759.7 1656.9 1080.1 1774.7 278.3
W E -0.403 84.3 63.2 -2.926 65.9 139.1 -2.440 58.6 163.2 -0.502 115.9 60.5 -0.126 88.7 76.9 0.137 160.8 80.8
D C -117.1 -404.9 518.4 38.6 154.2 601.9 -301.8 992.1
F 632.119159 1161.286392 -1.807291
E -2.659609 73.533683 125.481870 0.279294
W C 1294.5 1898.5 362.6 1462.2 447.3 702.9 1141.4 760.0 1657.0 1079.8 1774.7 278.4
W E -0.403 84.2 63.2 -2.926 65.9 139.1 -2.440 58.5 163.1 -0.502 115.8 60.4 -0.128 88.6 76.8 0.137 160.8 80.8
D C 484.2 -80.6 250.5 552.4 -114.8 1028.0
F 631.522171 1128.825246 -1.621581
E -2.648406 73.051036 127.624203 0.290550
W C 1294.4 1898.5 362.7 1462.3 447.6 702.4 1141.2 760.2 1657.0 1079.9 1774.7 278.3
W E -0.403 84.2 63.2 -2.926 65.9 139.0 -2.440 58.4 162.9 -0.502 115.8 60.3 -0.130 88.4 76.7 0.137 160.7 80.8
D C 463.7 -129.5 284.9 522.4 -45.0 1028.0
F 633.381240 1085.724277 -1.555422
E -2.616671 72.120424 129.664936 0.272539
W C 1294.4 1898.5 362.7 1462.4 447.9 702.0 1141.1 760.3 1656.9 1079.7 1774.8 278.4
W E -0.403 84.2 63.2 -2.926 65.8 139.0 -2.441 58.3 162.8 -0.502 115.7 60.1 -0.133 88.3 76.6 0.137 160.7 80.8
D C 417.6 -200.3 332.5 472.9 77.4 1016.9
F 638.722834 1084.594258 -1.510859
E -2.621895 71.374332 129.125477 0.243021
W C 1294.6 1898.5 362.6 1462.1 447.7 702.1 1141.0 760.5 1657.0 1079.5 1774.8 278.5
W E -0.403 84.2 63.2 -2.926 65.8 139.0 -2.441 58.2 162.6 -0.502 115.6 60.0 -0.135 88.2 76.5 0.137 160.7 80.8
D C 340.7 -282.7 370.5 402.0 195.8 988.2
F 646.245067 1040.185451 -1.470716
E -2.587855 70.494976 130.971891 0.247563
W C 1294.6 1898.6 362.5 1462.2 447.8 702.0 1140.9 760.7 1657.0 1079.3 1774.8 278.6
W E -0.403 84.2 63.2 -2.926 65.8 138.9 -2.441 58.1 162.5 -0.502 115.6 59.9 -0.138 88.0 76.4 0.137 160.7 80.8
D C 319.3 -281.9 353.5 402.9 185.7 984.8
F 658.693955 995.472878 -1.409993
E -2.554604 69.829104 132.583194 0.240667
W C 1294.6 1898.6 362.4 1461.9 448.3 701.6 1140.9 761.0 1657.2 1079.3 1773.7 278.0
W E -0.403 84.2 63.2 -2.926 65.8 138.9 -2.442 58.0 162.3 -0.502 115.5 59.8 -0.140 87.9 76.2 0.137 160.4 80.6
D C 240.6 -305.9 991.3 835.3 327.0 374.9 198.7 971.5
F 671.481527 952.365255 -1.366297
E -2.519775 69.354716 134.036212 0.237535
W C 1294.6 1898.7 362.2 1462.1 448.8 701.2 1140.8 761.1 1657.2 1079.4 1773.1 277.6
W E -0.402 84.2 63.2 -2.926 65.8 138.9 -2.442 57.9 162.1 -0.502 115.5 59.6 -0.143 87.7 76.1 0.138 160.1 80.5
D C 214.0 -309.4 977.9 824.1 314.1 371.6 186.3 971.4
F 683.986987 911.293059 -1.336930
E -2.484287 69.026779 135.356827 0.235566
W C 1294.6 1898.8 362.1 1462.6 449.3 700.5 1140.5 761.1 1657.1 1079.3 1772.8 277.5
W E -0.402 84.2 63.2 -2.926 65.8 138.8 -2.442 57.8 161.9 -0.502 115.4 59.5 -0.145 87.6 76.0 0.139 159.9 80.3
D C 178.8 -306.2 951.2 821.8 285.9 373.9 158.4 970.3
F 686.381308 910.518583 -1.323395
E -2.486127 67.995707 134.609691 0.212296
W C 1294.6 1898.7 362.1 1462.2 449.4 700.4 1140.6 761.3 1657.2 1079.3 1772.4 277.4
W E -0.402 84.2 63.2 -2.926 65.8 138.7 -2.442 57.7 161.7 -0.502 115.3 59.4 -0.147 87.5 75.8 0.140 159.7 80.2
D C 128.9 -302.7 907.0 823.3 235.7 375.3 107.0 971.2
F 698.919694 868.053537 -1.311249
E -2.449347 67.679221 136.011702 0.225279
W C 1294.6 1898.8 362.1 1462.4 449.7 699.9 1140.5 761.5 1657.2 1079.2 1772.1 277.3
W E -0.402 84.1 63.1 -2.925 65.7 138.7 -2.442 57.6 161.5 -0.502 115.3 59.2 -0.150 87.3 75.7 0.140 159.4 80.0
D C 113.7 -302.3 890.0 822.9 222.3 376.8 94.9 971.5
F 711.817676 825.548054 -1.302244
E -2.411447 67.546387 137.525789 0.232006
W C 1294.7 1898.8 362.1 1462.6 449.9 699.3 1140.3 761.7 1657.2 1079.2 1771.7 277.3
W E -0.402 84.1 63.1 -2.925 65.7 138.6 -2.442 57.5 161.4 -0.501 115.2 59.0 -0.152 87.2 75.6 0.141 159.2 79.9
D C 66.0 -310.7 840.0 820.9 174.6 375.8 44.1 974.0
F 724.684750 784.404278 -1.295883
E -2.373126 67.533062 139.196415 0.235693
W C 1294.8 1898.9 362.1 1463.0 450.0 698.6 1140.2 761.9 1657.2 1079.2 1771.4 277.3
W E -0.402 84.1 63.1 -2.925 65.7 138.6 -2.441 57.4 161.2 -0.501 115.2 58.9 -0.154 87.1 75.4 0.141 159.0 79.8
D C 33.1 -313.4 805.3 821.5 142.7 377.7 11.2 970.1
F 737.697046 745.194182 -1.290332
E -0.763798 141.109354 67.633356 0.238840
W C 1294.9 1899.1 362.2 1464.0 449.8 697.4 1140.1 762.2 1657.1 1079.3 1771.1 277.4
W E -0.402 84.1 63.1 -2.925 65.7 138.5 -2.441 57.3 161.1 -0.500 115.1 58.7 -0.156 87.0 75.3 0.142 158.8 79.6
D C 19.5 -314.1 787.0 817.8 126.4 379.8 -3.7 969.8
F 738.485608 745.009597 -1.289915
E -0.763628 140.483322 66.256094 0.216308
W C 1295.0 1899.1 362.3 1463.9 449.9 696.9 1140.1 762.6 1657.2 1079.2 1770.7 277.3
W E -0.402 84.1 63.1 -2.925 65.7 138.5 -2.441 57.1 160.9 -0.499 115.0 58.6 -0.159 86.9 75.2 0.142 158.6 79.5
D C -32.5 -322.0 739.6 817.2 75.5 375.2 -57.4 971.4
F 753.852541 704.178883 -1.222563
E -0.727388 142.591875 66.470325 0.237997
W C 1295.2 1899.2 362.4 1464.3 449.7 696.0 1140.0 763.0 1657.3 1079.3 1770.4 277.5
W E -0.403 84.1 63.1 -2.924 65.7 138.4 -2.441 57.0 160.8 -0.499 115.0 58.4 -0.161 86.8 75.0 0.143 158.4 79.3
D C -47.5 -322.1 722.7 813.6 62.7 376.4 -69.6 973.6
F 771.876390 664.791800 -1.152908
E -0.689096 144.710343 67.214597 0.258012
W C 1295.4 1899.2 362.6 1464.6 449.5 695.0 1139.9 763.5 1657.6 1079.3 1770.2 277.7
W E -0.403 84.1 63.1 -2.924 65.7 138.4 -2.441 56.8 160.7 -0.498 114.9 58.3 -0.161 86.7 75.0 0.143 158.2 79.2
D C -112.3 -327.2 725.8 768.1 37.2 368.9
F 793.618868 625.155890 -1.067101
E -0.650446 147.013641 68.510101 0.277695
W C 1295.4 1899.2 362.6 1464.5 449.6 695.0 1139.7 763.5 1657.6 1079.1 1770.2 277.9
W E -0.403 84.1 63.1 -2.924 65.7 138.4 -2.441 56.8 160.6 -0.498 114.8 58.2 -0.160 86.7 75.0 0.144 158.1 79.1
D C 737.4 716.2 29.7 360.8
F 794.075422 624.454138 -1.070200
E -0.653630 146.649157 67.604600 0.257462
W C 1295.5 1899.2 362.6 1464.3 449.9 694.6 1139.6 763.8 1657.8 1079.1 1769.8 277.9
W E -0.403 84.1 63.1 -2.924 65.6 138.3 -2.440 56.8 160.5 -0.497 114.8 58.1 -0.160 86.7 75.0 0.144 158.0 79.0
D C 749.0 659.2 21.4 352.5
F 819.729292 587.147868 -0.981343
E -0.614084 148.771767 68.852506 0.278328
W C 1295.5 1899.1 362.6 1464.2 450.1 694.3 1139.4 763.9 1657.8 1079.1 1769.6 277.9
W E -0.402 84.1 63.1 -2.924 65.6 138.3 -2.440 56.8 160.4 -0.496 114.7 58.1 -0.160 86.7 75.0 0.145 157.8 78.9
D C 758.7 612.0 13.7 349.5
F 847.683495 551.921566 -0.897236
E -0.572333 150.681783 70.419480 0.291271
W C 1295.5 1899.1 362.6 1464.1 450.2 694.3 1139.3 763.9 1657.9 1079.0 1769.6 278.1
W E -0.402 84.1 63.1 -2.924 65.6 138.3 -2.440 56.8 160.3 -0.496 114.6 58.0 -0.160 86.7 75.0 0.146 157.7 78.8
D C 758.2 585.2 7.2 348.2
F 878.320769 519.772020 -0.809614
E -0.530075 152.306078 72.211680 0.298951
W C 1295.5 1899.1 362.6 1464.1 450.2 694.4 1139.2 763.8 1657.9 1079.0 1769.7 278.2
W E -0.402 84.1 63.1 -2.924 65.6 138.3 -2.440 56.8 160.2 -0.496 114.6 58.0 -0.160 86.7 75.0 0.146 157.6 78.7
D C 770.6 508.9 -4.5 342.3
F 878.551934 519.480075 -0.812069
E -0.536230 151.744776 71.078767 0.274805
W C 1295.6 1899.1 362.7 1464.1 450.4 694.2 1139.1 763.8 1657.9 1079.0 1769.5 278.3
W E -0.402 84.1 63.1 -2.924 65.6 138.3 -2.440 56.8 160.1 -0.495 114.5 57.9 -0.161 86.7 75.0 0.147 157.4 78.6
D C 766.6 476.4 -6.5 341.0
F 913.273513 490.339813 -0.712563
E -0.497821 152.927482 72.160865 0.279395
W C 1295.6 1899.1 362.7 1464.0 450.6 693.9 1139.0 763.9 1657.9 1079.1 1769.4 278.2
W E -0.402 84.1 63.1 -2.924 65.6 138.3 -2.440 56.8 160.0 -0.495 114.4 57.8 -0.163 86.6 74.8 0.147 157.3 78.5
D C 760.5 392.3 151.5 927.9 -23.1 337.4
F 950.061804 465.470822 -0.566233
E -0.460200 153.835336 73.310348 0.296767
W C 1295.7 1899.1 362.8 1463.9 450.9 693.8 1138.9 763.7 1657.7 1079.4 1769.4 278.3
W E -0.402 84.1 63.1 -2.924 65.6 138.3 -2.440 56.8 159.9 -0.494 114.3 57.7 -0.165 86.5 74.6 0.147 157.1 78.4
D C 755.6 338.4 180.4 910.6 -30.4 337.6
F 987.159494 444.703991 -0.442180
E -0.423021 154.075856 74.427579 0.302732
W C 1295.7 1899.0 362.8 1464.0 450.9 693.9 1139.0 763.3 1657.4 1079.6 1769.5 278.4
W E -0.402 84.1 63.1 -2.924 65.6 138.2 -2.440 56.8 159.8 -0.494 114.2 57.7 -0.168 86.4 74.5 0.147 157.0 78.2
D C 757.7 290.3 220.0 892.9 -24.9 334.6
F 1024.501562 429.979229 -0.333675
E -0.389805 153.700316 75.330681 0.295801
W C 1295.8 1899.0 362.9 1464.1 450.9 694.0 1139.0 763.0 1657.2 1079.7 1769.6 278.5
W E -0.402 84.1 63.1 -2.924 65.6 138.2 -2.441 56.8 159.8 -0.494 114.1 57.6 -0.170 86.3 74.3 0.148 156.8 78.1
D C 753.6 172.2 303.5 850.2 -19.5 330.7
F 1025.351538 429.691561 -0.339530
E -0.399291 152.985112 73.693183 0.262295
W C 1295.8 1899.0 362.9 1464.0 451.2 693.8 1138.8 763.1 1657.1 1079.8 1769.7 278.5
W E -0.402 84.1 63.1 -2.924 65.6 138.2 -2.441 56.8 159.7 -0.494 114.0 57.6 -0.172 86.2 74.2 0.148 156.7 78.0
D C 738.4 98.5 347.6 819.4 -20.3 325.7
F 1065.783221 421.612522 -0.217999
E -0.366534 152.326343 74.404627 0.273980
W C 1295.8 1899.0 363.0 1464.0 451.3 693.8 1138.7 763.0 1657.0 1079.8 1769.9 278.6
W E -0.402 84.1 63.1 -2.924 65.6 138.2 -2.441 56.8 159.7 -0.494 113.9 57.5 -0.175 86.2 74.1 0.148 156.5 77.8
D C 717.3 27.0 393.3 776.9 -18.0 321.5
F 1105.795360 417.897833 -0.100947
E -0.335727 151.237870 75.139347 0.278785
W C 1295.9 1899.1 363.0 1464.1 451.4 693.8 1138.6 762.9 1656.8 1079.9 1770.1 278.7
W E -0.402 84.1 63.1 -2.924 65.6 138.2 -2.441 56.8 159.6 -0.495 113.8 57.5 -0.177 86.1 73.9 0.148 156.4 77.7
D C 686.3 -48.0 429.1 732.3 -16.8 318.1
F 1145.172852 416.664079 0.005612
E -0.305523 149.769672 75.947006 0.282955
W C 1295.8 1899.1 363.0 1464.2 451.3 694.0 1138.8 762.7 1656.6 1079.9 1770.5 278.8
W E -0.402 84.1 63.1 -2.924 65.6 138.2 -2.441 56.8 159.6 -0.495 113.7 57.4 -0.178 86.0 73.7 0.148 156.2 77.5
D C 674.1 -78.4 446.2 710.7 -17.8 317.5
F 1187.276429 420.198592 0.065801
E -0.276568 147.952995 76.767238 0.272767
W C 1295.8 1899.1 363.0 1464.2 451.2 694.1 1138.9 762.6 1656.5 1079.9 1770.9 278.9
W E -0.402 84.1 63.1 -2.924 65.6 138.2 -2.441 56.8 159.5 -0.496 113.6 57.3 -0.180 85.9 73.6 0.149 156.1 77.4
D C 609.6 -186.5 504.6 627.4 -14.5 310.6
F 1188.570415 423.939471 0.086477
E -0.284385 147.334754 74.397450 0.238540
W C 1296.1 1898.7 363.0 1464.5 451.2 694.3 1138.5 762.9 1656.2 1080.2 1771.1 279.1
W E -0.400 83.9 63.0 -2.923 65.6 138.2 -2.441 56.7 159.4 -0.496 113.5 57.2 -0.179 85.8 73.4 0.149 155.9 77.1
D C 563.9 -251.5 530.6 579.1 277.6 1401.2 -14.4 307.3
F 1233.656159 431.705620 0.112534
E -0.253300 145.466672 75.197552 0.248248
W C 1296.0 1898.7 363.0 1464.5 451.2 694.3 1138.5 762.9 1656.2 1080.3 1771.4 278.9
W E -0.400 83.9 63.0 -2.923 65.6 138.1 -2.441 56.7 159.4 -0.496 113.5 57.2 -0.180 85.7 73.2 0.149 155.8 76.9
D C 514.5 -280.6 518.6 548.9 -35.7 302.6
F 1277.955873 441.965255 0.148675
E -0.223076 143.686598 76.036226 0.252880
W C 1295.9 1898.8 363.0 1464.5 451.2 694.3 1138.4 763.0 1656.3 1080.4 1771.5 278.5
W E -0.400 83.9 63.0 -2.923 65.6 138.1 -2.441 56.7 159.4 -0.497 113.4 57.1 -0.181 85.7 73.1 0.149 155.6 76.8
D C 462.0 -312.3 514.2 521.3 -55.7 302.8
F 1321.631140 454.470983 0.183809
E -0.190457 142.195694 76.451296 0.249846
W C 1296.4 1898.4 362.9 1464.7 451.0 694.5 1137.7 763.2 1656.3 1080.8 1772.0 278.9
W E -0.397 83.7 62.9 -2.923 65.6 138.1 -2.441 56.7 159.3 -0.497 113.3 57.0 -0.179 85.6 72.9 0.149 155.5 76.5
D C 438.5 -324.7 505.4 512.4 343.0 1356.1
F 1322.711362 457.717189 0.200983
E -0.194707 141.872476 74.956633 0.232002
W C 1296.3 1898.5 362.9 1464.6 451.2 694.3 1137.6 763.3 1656.2 1081.0 1772.2 278.5
W E -0.397 83.7 62.9 -2.923 65.6 138.1 -2.441 56.7 159.3 -0.497 113.3 57.0 -0.179 85.5 72.7 0.149 155.4 76.3
D C 383.7 -330.5 458.1 506.2
F 1366.785238 470.204197 0.221395
E -0.160894 140.325146 75.413373 0.240450
W C 1296.5 1898.2 362.9 1464.9 451.1 694.5 1137.3 763.5 1656.1 1081.3 1772.4 278.6
W E -0.394 83.6 62.8 -2.923 65.6 138.0 -2.440 56.7 159.2 -0.497 113.3 57.0 -0.177 85.4 72.6 0.149 155.3 76.1
D C 366.5 -329.6 439.9 510.8 282.2 1358.8
F 1409.912753 482.804829 0.235507
E -0.128362 138.844912 75.844429 0.243654
W C 1296.6 1897.9 362.9 1465.1 451.0 694.8 1137.1 763.7 1656.0 1081.6 1772.6 278.6
W E -0.391 83.4 62.7 -2.923 65.6 137.9 -2.440 56.7 159.1 -0.496 113.2 56.9 -0.174 85.3 72.4 0.149 155.2 75.8
D C 314.1 -329.4 389.6 509.6 234.2 1355.6
F 1453.215817 494.835134 0.244486
E -0.098113 137.455645 76.845939 0.254946
W C 1296.5 1898.0 362.9 1465.1 451.0 694.8 1137.0 763.8 1656.1 1081.7 1772.8 278.4
W E -0.391 83.4 62.7 -2.923 65.6 137.9 -2.440 56.7 159.0 -0.497 113.2 56.9 -0.173 85.2 72.3 0.149 155.0 75.6
D C 281.4 -334.0 358.1 509.2
F 1494.909744 506.744938 0.251608
E -0.065757 136.049779 77.492203 0.251750
W C 1296.7 1897.8 362.8 1465.5 450.6 695.3 1136.6 763.9 1656.1 1081.8 1773.2 278.6
W E -0.388 83.3 62.6 -2.923 65.6 137.9 -2.440 56.7 158.9 -0.496 113.1 56.8 -0.171 85.1 72.1 0.149 154.9 75.4
D C 264.3 -331.8 342.2 513.0 188.3 1362.5
F 1495.421524 507.948219 0.256745
E -0.069166 135.501993 76.188738 0.234049
W C 1296.6 1897.8 362.8 1465.4 450.8 695.1 1136.7 763.9 1656.0 1081.9 1773.4 278.3
W E -0.388 83.3 62.6 -2.923 65.6 137.9 -2.440 56.7 158.9 -0.497 113.1 56.8 -0.170 85.0 72.0 0.149 154.8 75.2
D C 211.3 -333.1 291.9 512.5
F 1539.395340 520.307675 0.260404
E -0.038448 134.217816 77.456872 0.250716
W C 1296.6 1897.8 362.9 1465.2 451.0 695.0 1136.9 763.9 1655.8 1082.1 1773.5 278.0
W E -0.388 83.2 62.6 -2.923 65.6 137.8 -2.440 56.7 158.8 -0.497 113.1 56.8 -0.170 85.0 71.8 0.149 154.7 75.1
D C 162.4 -332.1 238.8 514.0
F 1581.560645 533.550768 0.321794
E -0.007755 132.926675 79.203468 0.267922
W C 1296.6 1897.9 362.8 1465.3 450.9 695.1 1136.8 764.0 1655.6 1082.1 1774.3 277.9
W E -0.388 83.2 62.6 -2.923 65.6 137.8 -2.440 56.7 158.8 -0.497 113.0 56.8 -0.170 84.9 71.7 0.149 154.6 75.0
D C 143.5 -331.4 221.4 517.6
F 1621.714684 547.021661 0.374381
E 0.026931 131.418114 80.674971 0.267963
W C 1296.4 1897.8 362.8 1465.7 450.5 695.7 1136.4 764.2 1655.6 1082.2 1775.3 277.6
W E -0.385 83.1 62.6 -2.923 65.6 137.8 -2.440 56.7 158.7 -0.497 113.0 56.8 -0.168 84.8 71.6 0.149 154.4 74.8
D C 109.7 -338.3 205.5 510.3 87.2 1366.9
F 1622.086108 547.316697 0.370156
E 0.028357 130.659895 79.097616 0.240391
W C 1296.5 1897.6 362.8 1465.9 450.5 695.8 1136.4 764.4 1655.3 1082.4 1775.5 277.6
W E -0.382 82.9 62.5 -2.923 65.6 137.7 -2.440 56.7 158.6 -0.497 112.9 56.7 -0.166 84.7 71.4 0.149 154.3 74.6
D C 51.7 -354.2 204.8 495.6 152.2 1344.3
F 1661.413654 566.984903 0.451883
E 0.067453 129.160871 80.688121 0.256586
W C 1296.6 1897.4 362.8 1466.1 450.4 696.1 1136.3 764.6 1655.1 1082.6 1776.2 277.5
W E -0.379 82.7 62.4 -2.923 65.6 137.7 -2.440 56.7 158.6 -0.497 112.9 56.7 -0.165 84.5 71.3 0.149 154.1 74.4
D C -2.0 -366.8 201.7 479.7 201.0 1334.0
F 1699.718744 590.698776 0.536308
E 0.108845 127.503944 82.603771 0.266503
W C 1296.7 1897.2 362.8 1466.3 450.3 696.3 1136.2 764.8 1654.7 1082.8 1776.9 277.5
W E -0.376 82.6 62.4 -2.922 65.6 137.6 -2.440 56.7 158.5 -0.497 112.8 56.7 -0.163 84.4 71.2 0.149 153.9 74.2
D C -89.3 -367.3 193.6 452.6 287.5 1303.5
F 1734.394840 615.270088 0.607241
E 0.145774 125.796206 85.516362 0.285087
W C 1296.7 1897.3 362.7 1466.3 450.3 696.5 1136.0 764.9 1654.4 1083.0 1778.4 277.1
W E -0.376 82.6 62.4 -2.922 65.6 137.6 -2.440 56.7 158.5 -0.497 112.8 56.7 -0.164 84.3 71.0 0.150 153.8 74.1
D C -114.9 -367.4 192.3 445.6
F 1734.779315 615.054854 0.604624
E 0.153005 125.432185 84.939929 0.272772
W C 1296.7 1897.3 362.7 1466.2 450.3 696.4 1136.0 764.9 1654.3 1082.9 1778.4 277.2
W E -0.377 82.6 62.3 -2.922 65.6 137.6 -2.440 56.7 158.5 -0.497 112.8 56.7 -0.165 84.3 70.9 0.149 153.8 74.1
D C 188.6 433.5
F 1768.617363 645.339820 0.749148
E 0.205602 123.945758 88.019608 0.301627
W C 1296.9 1897.3 362.6 1466.2 450.4 696.3 1136.1 764.9 1654.2 1082.8 1778.3 277.2
W E -0.377 82.5 62.3 -2.924 65.5 137.5 -2.440 56.7 158.4 -0.497 112.8 56.7 -0.167 84.2 70.8 0.149 153.7 74.0
D C 180.2 421.1 -535.6 1553.0
F 1797.509848 679.160781 0.900498
E 0.258191 122.061562 91.139816 0.321184
W C 1297.1 1897.3 362.5 1466.0 450.5 696.2 1136.2 765.0 1654.1 1082.7 1778.2 277.4
W E -0.377 82.5 62.3 -2.925 65.4 137.5 -2.440 56.7 158.4 -0.497 112.8 56.7 -0.169 84.1 70.7 0.149 153.6 74.0
D C 191.5 396.3 -394.3 1589.8
F 1821.885169 712.599911 1.012590
E 0.302450 119.765687 93.843561 0.323914
W C 1297.2 1897.3 362.5 1465.8 450.5 696.2 1136.2 765.1 1654.1 1082.6 1778.0 277.4
W E -0.377 82.5 62.3 -2.926 65.3 137.4 -2.440 56.7 158.4 -0.497 112.8 56.6 -0.171 84.0 70.6 0.148 153.6 73.9
D C 195.4 385.9 -341.6 1607.4
F 1842.214770 748.455720 1.096892
E 0.338069 117.201064 96.269929 0.316378
W C 1297.3 1897.3 362.5 1465.7 450.5 696.2 1136.2 765.1 1654.0 1082.5 1777.9 277.5
W E -0.377 82.5 62.3 -2.927 65.2 137.3 -2.440 56.7 158.4 -0.497 112.8 56.6 -0.175 83.9 70.5 0.147 153.5 73.8
D C 197.8 352.4 -152.7 1641.1
F 1842.617642 748.360426 1.094052
E 0.351578 116.824785 95.623154 0.301254
W C 1297.3 1897.4 362.5 1465.8 450.5 696.2 1136.2 765.1 1653.9 1082.4 1778.0 277.5
W E -0.377 82.5 62.3 -2.927 65.2 137.3 -2.440 56.7 158.4 -0.497 112.8 56.6 -0.176 83.9 70.4 0.147 153.5 73.8
D C 201.8 323.6
F 1861.027022 790.035798 1.113712
E 0.391236 114.024248 98.305137 0.298846
W C 1297.2 1897.3 362.6 1465.8 450.6 696.1 1136.3 765.1 1653.8 1082.5 1778.1 277.5
W E -0.376 82.5 62.3 -2.928 65.1 137.2 -2.440 56.7 158.4 -0.497 112.8 56.6 -0.179 83.8 70.2 0.146 153.4 73.7
D C 186.7 307.7 73.9 1631.5
F 1877.290362 831.734081 1.139326
E 0.432973 111.409073 101.034801 0.297444
W C 1297.2 1897.3 362.7 1465.8 450.7 696.0 1136.4 765.0 1653.6 1082.7 1778.3 277.5
W E -0.376 82.5 62.3 -2.929 65.0 137.2 -2.440 56.6 158.4 -0.497 112.8 56.6 -0.183 83.7 70.1 0.146 153.4 73.7
D C 156.7 300.3 108.7 1625.6
F 1889.951914 875.008341 1.229909
E 0.494843 108.781578 101.770723 0.284690
W C 1297.5 1897.2 362.5 1465.8 450.7 696.0 1136.4 765.0 1653.5 1083.0 1778.2 277.3
W E -0.375 82.3 62.3 -2.929 64.9 137.1 -2.440 56.6 158.4 -0.497 112.7 56.6 -0.187 83.5 69.8 0.144 153.2 73.5
D C 777.9 870.3 142.8 297.7 130.5 1647.7
F 1901.785368 917.883283 1.310306
E 0.552209 106.049808 102.265435 0.281315
W C 1297.5 1897.1 362.5 1466.0 450.6 696.2 1136.3 765.1 1653.5 1083.1 1778.2 277.5
W E -0.373 82.0 62.2 -2.930 64.8 137.0 -2.440 56.6 158.3 -0.497 112.7 56.6 -0.191 83.3 69.6 0.143 153.1 73.3
D C 744.5 853.8 91.7 296.6 109.0 1630.4
F 1901.822454 919.592996 1.308595
E 0.542280 105.519633 100.182825 0.262483
W C 1297.8 1896.9 362.4 1466.1 450.6 696.2 1136.3 765.2 1653.1 1082.9 1778.6 278.0
W E -0.371 81.9 62.2 -2.930 64.7 136.9 -2.440 56.6 158.3 -0.497 112.7 56.6 -0.193 83.2 69.3 0.142 153.0 73.2
D C 769.1 794.2 75.3 286.5
F 1908.523141 965.543717 1.404448
E 0.497116 102.726818 101.512691 0.285396
W C 1298.1 1896.8 362.4 1466.2 450.6 696.3 1136.2 765.4 1652.8 1082.7 1778.8 278.4
W E -0.369 81.7 62.1 -2.930 64.7 136.9 -2.440 56.6 158.2 -0.496 112.7 56.6 -0.195 83.1 69.1 0.141 152.9 73.0
D C 796.1 731.6 59.8 275.2
F 1911.426959 1011.778551 1.494540
E -0.765759 102.781064 99.840835 0.299546
W C 1298.2 1896.6 362.3 1466.4 450.5 696.4 1136.2 765.5 1652.6 1082.5 1779.0 278.8
W E -0.366 81.5 62.0 -2.930 64.7 136.9 -2.440 56.6 158.2 -0.496 112.6 56.6 -0.195 83.0 68.8 0.140 152.9 72.9
D C 798.9 673.2 39.8 269.8
F 1911.197905 1055.861239 1.576474
E -0.749956 103.097742 97.019350 0.293305
W C 1298.2 1896.5 362.3 1466.5 450.7 696.5 1136.1 765.5 1652.5 1082.6 1778.8 278.7
W E -0.364 81.4 62.0 -2.930 64.7 136.8 -2.440 56.5 158.2 -0.496 112.6 56.5 -0.194 82.9 68.4 0.139 152.8 72.8
D C 806.7 646.7 27.1 268.4 -373.5 1413.0
F 1909.883552 1058.899173 1.578077
E -0.645819 99.707199 96.468680 0.262684
W C 1298.3 1896.5 362.3 1466.7 450.7 696.6 1136.1 765.7 1652.1 1082.0 1779.3 279.4
W E -0.362 81.2 61.9 -2.930 64.6 136.8 -2.440 56.5 158.1 -0.496 112.6 56.5 -0.193 82.8 68.1 0.139 152.7 72.7
D C 816.6 568.6 474.0 1516.4 -0.2 265.4
F 1903.891103 1105.842674 1.671347
E -0.685201 101.063999 93.893725 0.289403
W C 1298.1 1896.7 362.3 1466.8 450.8 696.6 1136.1 765.8 1652.0 1081.2 1779.7 279.8
W E -0.362 81.1 61.9 -2.931 64.5 136.7 -2.440 56.5 158.1 -0.496 112.6 56.5 -0.191 82.7 67.9 0.138 152.7 72.6
D C 572.4 1473.6 -29.0 267.1
F 1894.914555 1149.378795 1.762116
E -0.690510 101.237642 91.838474 0.290498
W C 1298.1 1896.5 362.3 1466.9 450.7 696.8 1136.1 765.9 1651.9 1081.3 1779.7 279.9
W E -0.360 80.9 61.9 -2.932 64.4 136.6 -2.440 56.5 158.1 -0.496 112.6 56.5 -0.189 82.7 67.8 0.138 152.7 72.6
D C 817.8 457.5 599.2 1437.2
F 1882.535490 1192.872588 1.850261
E -0.685774 101.373171 89.994914 0.291563
W C 1298.1 1896.4 362.4 1467.0 450.6 696.9 1136.0 765.9 1651.9 1081.5 1779.6 279.9
W E -0.359 80.7 61.8 -2.932 64.3 136.6 -2.440 56.5 158.1 -0.496 112.6 56.5 -0.188 82.6 67.8 0.138 152.6 72.5
D C 813.0 394.5 662.2 1391.8
F 1867.998455 1233.578895 1.930817
E -0.678915 101.288697 88.403990 0.289713
W C 1298.1 1896.3 362.4 1467.1 450.6 697.0 1135.9 765.9 1652.0 1081.7 1779.4 279.9
W E -0.358 80.6 61.8 -2.933 64.2 136.5 -2.440 56.5 158.0 -0.496 112.6 56.5 -0.186 82.5 67.7 0.138 152.6 72.5
D C 801.2 338.3 710.7 1352.0
F 1866.142331 1234.197962 1.936861
E -0.754990 99.106723 87.605651 0.252229
W C 1298.2 1896.1 362.4 1467.2 450.7 697.2 1135.9 766.0 1651.7 1081.7 1779.4 280.0
W E -0.358 80.4 61.7 -2.933 64.1 136.4 -2.440 56.4 158.0 -0.496 112.5 56.5 -0.185 82.4 67.7 0.138 152.6 72.4
D C 783.6 281.0 764.5 1295.6 35.1 1477.0
F 1844.079138 1274.779782 2.034347
E -0.760261 99.071304 85.519870 0.259030
W C 1298.2 1895.9 362.4 1467.3 450.8 697.4 1135.8 766.1 1651.4 1081.7 1779.3 280.1
W E -0.358 80.2 61.6 -2.933 63.9 136.3 -2.440 56.3 158.0 -0.495 112.5 56.5 -0.184 82.4 67.6 0.138 152.6 72.4
D C 764.5 209.6 833.2 1216.3 116.1 1466.2
F 1820.855452 1313.406572 2.114358
E -0.756126 98.910103 83.217799 0.254280
W C 1298.1 1895.8 362.4 1467.4 450.9 697.6 1135.9 766.2 1651.2 1081.6 1779.2 280.0
W E -0.358 80.0 61.6 -2.934 63.8 136.3 -2.440 56.2 157.9 -0.495 112.5 56.4 -0.184 82.3 67.5 0.137 152.6 72.3
D C 750.4 188.6 850.1 1201.2 138.7 1465.5 -131.7 814.5
F 1795.237660 1349.704268 2.190582
E -0.745717 98.641378 81.010257 0.251107
W C 1298.0 1895.7 362.3 1467.6 451.0 697.8 1136.1 766.4 1651.0 1081.5 1778.9 279.9
W E -0.358 79.9 61.5 -2.934 63.7 136.2 -2.440 56.2 157.9 -0.495 112.4 56.4 -0.184 82.2 67.5 0.137 152.6 72.3
D C 727.1 133.6 899.2 1132.4 210.0 1454.1 -106.8 819.3
F 1793.684447 1349.656849 2.194524
E -0.784132 97.264524 79.826154 0.222377
W C 1298.0 1895.5 362.3 1467.8 451.0 698.1 1136.1 766.6 1650.8 1081.4 1778.8 279.9
W E -0.358 79.7 61.4 -2.934 63.6 136.1 -2.440 56.1 157.8 -0.495 112.4 56.3 -0.184 82.2 67.4 0.137 152.6 72.3
D C 698.3 82.3 944.5 1076.4 270.3 1433.5 -82.0 825.8
F 1763.386094 1382.999920 2.285684
E -0.763732 97.045438 77.589763 0.237420
W C 1297.9 1895.3 362.2 1467.9 451.0 698.3 1136.2 766.8 1650.6 1081.3 1778.6 279.9
W E -0.358 79.5 61.3 -2.935 63.5 136.0 -2.440 56.0 157.8 -0.495 112.4 56.2 -0.184 82.1 67.3 0.137 152.5 72.2
D C 666.6 37.4 967.4 1005.2 325.5 1413.6 -64.3 828.6
F 1730.187294 1413.797243 2.375990
E -0.741497 96.708423 75.568669 0.243734
W C 1297.9 1895.1 362.2 1468.1 451.1 698.6 1136.3 767.0 1650.4 1081.3 1778.4 279.9
W E -0.359 79.4 61.3 -2.935 63.4 136.0 -2.440 55.9 157.7 -0.494 112.3 56.2 -0.184 82.1 67.3 0.137 152.5 72.2
D C 622.5 -24.4 1014.1 914.9 411.7 1376.0 -33.9 834.3
F 1696.312930 1442.183866 2.451826
E -0.720160 96.251741 73.766551 0.245619
W C 1297.6 1895.0 362.2 1468.3 451.1 698.8 1136.4 767.3 1650.4 1081.1 1778.2 279.8
W E -0.360 79.2 61.2 -2.935 63.3 135.9 -2.440 55.8 157.7 -0.494 112.3 56.1 -0.183 82.0 67.2 0.137 152.5 72.2
D C 604.6 -51.6 1023.5 862.5 449.3 1363.5 -13.3 827.0
F 1661.815347 1467.785830 2.522696
E -0.702273 95.704790 72.174142 0.245258
W C 1297.3 1894.9 362.3 1468.5 451.1 699.1 1136.4 767.5 1650.4 1081.0 1778.0 279.6
W E -0.361 79.1 61.1 -2.935 63.2 135.8 -2.439 55.7 157.6 -0.494 112.3 56.0 -0.183 82.0 67.1 0.137 152.5 72.1
D C 568.7 -89.3 1040.7 798.1 498.2 1330.7 -0.6 831.2
F 1660.813562 1467.353630 2.526309
E -0.723681 94.596072 70.809616 0.217751
W C 1297.2 1894.7 362.3 1468.7 451.1 699.3 1136.5 767.7 1650.3 1080.9 1777.8 279.6
W E -0.363 78.9 61.0 -2.935 63.0 135.7 -2.439 55.6 157.5 -0.494 112.2 56.0 -0.183 81.9 67.1 0.137 152.5 72.1
D C 527.9 -130.1 1061.6 724.8 555.9 1288.5 29.9 827.4
F 1622.197806 1489.734970 2.592397
E -0.703800 94.026173 69.296842 0.229634
W C 1297.0 1894.5 362.3 1468.9 451.1 699.6 1136.5 768.0 1650.3 1080.8 1777.6 279.5
W E -0.364 78.7 60.9 -2.935 62.9 135.6 -2.439 55.5 157.5 -0.493 112.2 55.9 -0.183 81.9 67.0 0.137 152.5 72.1
D C 489.8 -161.4 1074.0 658.4 599.7 1250.5 49.9 822.7
F 1581.595077 1510.475352 2.615155
E -0.689402 93.377242 68.084279 0.231376
W C 1296.9 1894.4 362.3 1469.1 451.0 699.8 1136.5 768.2 1650.2 1080.7 1777.5 279.5
W E -0.366 78.6 60.8 -2.935 62.8 135.5 -2.439 55.4 157.4 -0.493 112.1 55.8 -0.182 81.9 67.0 0.137 152.4 72.1
D C 424.9 -203.8 1063.6 573.7 634.1 1206.3 54.5 815.3
F 1542.191457 1530.477156 2.633007
E -0.681368 92.738618 67.134525 0.231736
W C 1296.6 1894.2 362.3 1469.4 451.0 700.1 1136.5 768.4 1650.4 1080.6 1777.2 279.4
W E -0.369 78.4 60.6 -2.935 62.7 135.5 -2.439 55.3 157.4 -0.493 112.1 55.7 -0.182 81.8 67.0 0.137 152.4 72.0
D C 408.4 -202.0 1043.3 583.6 616.2 1207.9 36.9 814.5
F 1541.221405 1529.462789 2.640056
E -0.695653 91.715253 65.705277 0.208321
W C 1296.4 1894.1 362.4 1469.5 451.0 700.4 1136.5 768.6 1650.3 1080.5 1777.1 279.3
W E -0.372 78.3 60.5 -2.934 62.6 135.4 -2.438 55.2 157.3 -0.492 112.1 55.7 -0.182 81.8 66.9 0.137 152.4 72.0
D C 380.0 -201.3 1007.7 584.2 584.3 1208.8 4.4 815.2
F 1501.284008 1550.014304 2.645471
E -0.674990 91.751471 65.767748 0.229474
W C 1296.2 1894.0 362.5 1469.7 451.0 700.6 1136.5 768.8 1650.2 1080.4 1776.9 279.3
W E -0.373 78.2 60.5 -2.935 62.5 135.3 -2.438 55.2 157.3 -0.492 112.0 55.6 -0.182 81.8 66.9 0.136 152.4 72.0
D C 962.2 581.7 529.8 1207.7 -43.5 821.1
F 1462.299569 1570.138777 2.652423
E -0.678915 91.052168 65.333464 0.230006
W C 1295.8 1893.8 362.6 1470.0 450.9 700.9 1136.5 769.0 1650.3 1080.3 1776.7 279.1
W E -0.377 78.0 60.4 -2.934 62.3 135.2 -2.438 55.1 157.2 -0.492 112.0 55.6 -0.181 81.8 66.9 0.136 152.4 72.0
D C 314.8 -199.0 943.1 578.1 513.7 1211.2 -58.9 823.9
F 1423.311524 1590.428773 2.653119
E -0.690874 90.322021 65.155474 0.229989
W C 1295.3 1893.6 362.8 1470.3 450.9 701.3 1136.5 769.2 1650.4 1080.2 1776.4 279.0
W E -0.382 77.8 60.2 -2.934 62.2 135.1 -2.438 55.0 157.2 -0.492 112.0 55.5 -0.181 81.7 66.8 0.136 152.4 72.0
D C 265.7 -198.0 891.4 580.9 465.3 1208.9 -108.0 828.4
F 1383.179971 1610.027584 2.664112
E -0.679194 90.433324 66.645694 0.241852
W C 1295.3 1893.5 362.7 1470.4 450.8 701.4 1136.4 769.4 1650.5 1080.2 1776.3 279.0
W E -0.384 77.7 60.2 -2.934 62.1 135.1 -2.437 54.9 157.1 -0.492 112.0 55.4 -0.181 81.7 66.8 0.136 152.3 71.9
D C 869.8 582.1 451.0 1216.1 -123.8 830.4
F 1382.616590 1609.799650 2.663916
E -0.675479 90.015413 65.695167 0.222133
W C 1295.1 1893.5 362.8 1470.4 450.9 701.5 1136.5 769.5 1650.4 1080.1 1776.2 278.9
W E -0.386 77.7 60.2 -2.934 62.0 135.0 -2.437 54.8 157.1 -0.492 111.9 55.4 -0.181 81.7 66.8 0.136 152.3 71.9
D C 819.7 578.2 395.0 1211.1 -171.4 832.0
F 1341.130018 1628.113808 2.733233
E -0.659251 90.321605 67.507387 0.245040
W C 1295.1 1893.5 362.9 1470.3 451.0 701.5 1136.5 769.6 1650.3 1080.0 1776.2 278.9
W E -0.388 77.6 60.2 -2.934 62.0 135.0 -2.437 54.8 157.1 -0.491 111.9 55.3 -0.181 81.7 66.8 0.136 152.3 71.9
D C 786.8 577.0 369.8 1208.9 -199.2 836.0
F 1300.158656 1643.671049 2.802159
E -0.645071 90.553688 69.732736 0.256966
W C 1295.2 1893.5 362.8 1470.1 451.1 701.5 1136.5 769.7 1650.3 1079.9 1776.2 278.9
W E -0.390 77.6 60.1 -2.934 61.9 135.0 -2.437 54.7 157.1 -0.491 111.9 55.3 -0.181 81.7 66.8 0.136 152.3 71.9
D C 791.9 547.7 397.6 1194.2 -178.9 841.8
F 1257.451786 1656.557296 2.874476
E -0.636461 90.742429 72.367152 0.264166
W C 1295.3 1893.5 362.7 1469.9 451.1 701.5 1136.5 769.8 1650.3 1079.8 1776.1 278.8
W E -0.392 77.5 60.1 -2.935 61.8 134.9 -2.437 54.6 157.1 -0.491 111.9 55.2 -0.182 81.7 66.7 0.136 152.3 71.9
D C 800.5 487.3 456.3 1164.3 -151.4 853.1
F 1257.524544 1657.008156 2.868835
E -0.635506 90.418204 71.033561 0.238183
W C 1295.3 1893.5 362.8 1469.9 451.1 701.5 1136.5 769.9 1650.2 1079.8 1776.0 278.8
W E -0.393 77.5 60.1 -2.935 61.8 134.9 -2.437 54.6 157.0 -0.491 111.9 55.2 -0.182 81.7 66.7 0.136 152.3 71.9
D C 792.5 440.1 486.3 1136.8 -131.6 864.4
F 1212.886968 1664.430285 2.960105
E -0.631271 90.517487 73.705507 0.254748
W C 1295.2 1893.5 362.8 1469.8 451.2 701.6 1136.5 770.0 1650.2 1079.7 1776.0 278.8
W E -0.394 77.4 60.1 -2.935 61.7 134.8 -2.437 54.5 157.0 -0.491 111.9 55.2 -0.182 81.7 66.7 0.136 152.3 71.9
D C 783.9 354.0 551.8 1073.5 -89.2 871.4
F 1168.723437 1669.691959 3.015481
E -0.648850 90.482410 76.483533 0.257947
W C 1295.2 1893.5 362.8 1469.7 451.2 701.6 1136.5 770.1 1650.2 1079.7 1775.9 278.7
W E -0.396 77.4 60.1 -2.935 61.6 134.8 -2.437 54.4 157.0 -0.491 111.8 55.1 -0.182 81.7 66.7 0.136 152.3 71.9
D C 773.2 321.0 577.4 1051.0 -73.1 872.3
F 1124.067421 1672.727024 3.032101
E -0.695189 90.498917 79.341417 0.256595
W C 1295.3 1893.4 362.8 1469.6 451.2 701.6 1136.4 770.2 1650.2 1079.7 1775.9 278.7
W E -0.397 77.4 60.0 -2.935 61.6 134.8 -2.437 54.4 157.0 -0.491 111.8 55.1 -0.182 81.7 66.7 0.136 152.3 71.9
D C 760.3 264.8 611.3 1007.6 -49.1 875.8
F 1079.870526 1675.403328 3.048038
E -2.358250 82.081259 90.722740 0.255236
W C 1295.4 1893.4 362.7 1469.6 451.2 701.6 1136.4 770.2 1650.3 1079.7 1775.8 278.7
W E -0.398 77.3 60.0 -2.936 61.5 134.7 -2.436 54.3 157.0 -0.491 111.8 55.0 -0.182 81.7 66.7 0.136 152.3 71.9
D C 717.7 259.9 567.3 1010.5 -90.0 879.8
F 1079.783333 1674.479258 3.053565
E -0.751598 90.225686 80.750865 0.231605
W C 1295.4 1893.4 362.7 1469.5 451.2 701.6 1136.3 770.3 1650.3 1079.7 1775.8 278.7
W E -0.399 77.3 60.0 -2.936 61.4 134.7 -2.436 54.3 156.9 -0.491 111.8 55.0 -0.182 81.7 66.7 0.136 152.3 71.9
D C 700.2 258.4 553.8 1008.0 -106.8 882.8
F 1035.218508 1677.925649 3.056164
E -2.459317 83.325748 90.673380 0.242399
W C 1295.4 1893.4 362.7 1469.5 451.2 701.6 1136.3 770.3 1650.3 1079.7 1775.8 278.7
W E -0.400 77.3 60.0 -2.936 61.4 134.6 -2.436 54.2 156.9 -0.491 111.8 55.0 -0.182 81.7 66.7 0.136 152.3 71.9
D C 647.3 264.1 502.1 1014.8 -159.5 883.0
F 990.898000 1680.790018 3.061838
E -2.688106 85.458894 91.778281 0.248169
W C 1295.6 1893.4 362.7 1469.4 451.2 701.6 1136.2 770.4 1650.3 1079.7 1775.8 278.7
W E -0.401 77.2 60.0 -2.936 61.3 134.6 -2.436 54.1 156.9 -0.490 111.8 54.9 -0.182 81.7 66.6 0.136 152.2 71.9
D C 631.6 262.2 485.8 1013.0 -177.4 888.3
F 946.777812 1683.390611 3.070844
E -2.935275 86.765134 93.835583 0.251045
W C 1295.7 1893.4 362.6 1469.3 451.2 701.5 1136.1 770.4 1650.3 1079.7 1775.7 278.7
W E -0.402 77.2 60.0 -2.937 61.3 134.5 -2.436 54.1 156.9 -0.490 111.7 54.9 -0.182 81.7 66.6 0.135 152.2 71.9
D C 597.3 265.3 449.4 1015.8 -211.3 886.6
F 946.638278 1683.833454 3.067255
E -2.873879 86.073970 92.812050 0.228767
W C 1295.7 1893.4 362.7 1469.2 451.2 701.6 1136.1 770.5 1650.3 1079.7 1775.7 278.7
W E -0.403 77.2 59.9 -2.937 61.2 134.5 -2.436 54.0 156.8 -0.490 111.7 54.8 -0.182 81.7 66.6 0.135 152.2 71.9
D C 549.5 266.6 401.0 1013.9 -258.8 889.9
F 901.557256 1687.044601 3.068029
E -3.067280 86.924428 95.484436 0.241889
W C 1295.8 1893.4 362.7 1469.1 451.2 701.6 1136.0 770.5 1650.3 1079.7 1775.7 278.7
W E -0.404 77.1 59.9 -2.937 61.2 134.4 -2.436 54.0 156.8 -0.490 111.7 54.8 -0.182 81.7 66.6 0.135 152.2 71.9
D C 534.7 265.6 387.7 1016.7 -272.4 895.5
F 857.583925 1690.567403 3.066961
E 3.112243 87.358875 98.818319 0.254848
W C 1295.8 1893.4 362.6 1469.0 451.2 701.6 1136.0 770.5 1650.3 1079.7 1775.7 278.7
W E -0.404 77.1 59.9 -2.938 61.1 134.3 -2.436 54.0 156.8 -0.490 111.7 54.8 -0.182 81.7 66.6 0.135 152.2 71.9
D C 487.4 268.7 335.3 1017.6
F 813.196811 1693.692874 3.070695
E 3.052145 87.659694 102.501270 0.262919
W C 1295.9 1893.4 362.5 1469.0 451.1 701.6 1136.0 770.5 1650.4 1079.7 1775.7 278.7
W E -0.405 77.1 59.9 -2.938 61.0 134.3 -2.436 53.9 156.8 -0.490 111.7 54.8 -0.182 81.7 66.6 0.135 152.2 71.9
D C 455.4 265.9 303.6 1014.8
F 813.324153 1694.028060 3.069106
E 3.066908 87.260093 101.362775 0.243090
W C 1295.9 1893.5 362.5 1469.0 451.1 701.6 1136.0 770.5 1650.4 1079.7 1775.7 278.7
W E -0.406 77.1 59.9 -2.938 61.0 134.2 -2.436 53.9 156.7 -0.490 111.7 54.8 -0.182 81.7 66.6 0.135 152.2 71.9
D C 436.2 267.4 290.6 1016.7
F 768.541681 1697.855521 3.066078
E 3.023403 87.522604 105.146120 0.256840
W C 1296.0 1893.5 362.6 1468.9 451.1 701.6 1136.0 770.5 1650.4 1079.7 1775.7 278.7
W E -0.406 77.0 59.9 -2.939 60.9 134.2 -2.435 53.8 156.7 -0.490 111.7 54.8 -0.182 81.7 66.6 0.135 152.2 71.9
D C 389.4 271.1 237.9 1018.8
F 724.326782 1701.122564 3.066870
E 2.993302 87.722410 109.134026 0.264731
W C 1296.1 1893.5 362.4 1468.9 451.1 701.6 1136.0 770.5 1650.4 1079.7 1775.7 278.6
W E -0.407 77.0 59.9 -2.939 60.9 134.1 -2.435 53.8 156.7 -0.490 111.7 54.8 -0.182 81.7 66.6 0.135 152.2 71.9
D C 372.0 272.8 218.6 1021.1
F 680.108274 1704.214496 3.071634
E 2.971146 87.855569 113.298647 0.269466
W C 1296.2 1893.5 362.3 1468.9 451.1 701.6 1136.0 770.5 1650.4 1079.7 1775.6 278.6
W E -0.408 77.0 59.9 -2.939 60.8 134.1 -2.435 53.7 156.7 -0.490 111.7 54.8 -0.182 81.7 66.6 0.135 152.2 71.9
D C 327.8 272.8 173.6 1023.7
F 638.077926 1706.218145 3.078645
E 2.954225 87.866728 117.412050 0.270985
W C 1296.4 1893.5 362.0 1469.0 451.1 701.6 1136.0 770.6 1650.5 1079.7 1775.6 278.6
W E -0.408 77.0 59.9 -2.940 60.7 134.0 -2.435 53.7 156.6 -0.490 111.7 54.8 -0.182 81.7 66.6 0.135 152.2 71.9
D C 311.1 273.8 154.6 1026.0
F 632.087188 1707.083050 3.079602
E 2.951728 87.430982 116.987878 0.250779
W C 1296.5 1893.5 361.9 1469.0 451.1 701.6 1136.0 770.6 1650.5 1079.7 1775.6 278.6
W E -0.409 77.0 59.9 -2.940 60.7 134.0 -2.435 53.7 156.6 -0.490 111.7 54.8 -0.182 81.7 66.6 0.135 152.2 71.9
D C 275.0 275.4 119.7 1028.7
F 631.947427 1708.455954 3.072339
E 2.953450 87.054560 116.055102 0.235946
W C 1296.5 1893.5 362.1 1468.9 451.0 701.6 1136.0 770.6 1650.5 1079.7 1775.6 278.6
W E -0.409 76.9 59.9 -2.941 60.6 133.9 -2.435 53.6 156.6 -0.490 111.7 54.8 -0.182 81.7 66.6 0.135 152.2 71.9
D C 236.5 272.9 87.6 1026.0
F 631.855336 1709.374343 3.067627
E 2.956795 86.707075 115.324050 0.224835
W C 1296.4 1893.5 362.2 1468.8 450.9 701.6 1136.0 770.6 1650.5 1079.7 1775.6 278.6
W E -0.410 76.9 59.9 -2.941 60.6 133.9 -2.435 53.6 156.6 -0.490 111.7 54.8 -0.182 81.7 66.6 0.135 152.2 71.9
D C 238.9 274.0 90.6 1024.0
F 631.789846 1710.065552 3.064165
E 2.961069 86.380713 114.721729 0.216146
W C 1296.4 1893.5 362.3 1468.7 450.9 701.6 1136.0 770.6 1650.5 1079.7 1775.6 278.6
W E -0.410 76.9 59.9 -2.942 60.5 133.8 -2.435 53.6 156.5 -0.490 111.7 54.8 -0.182 81.7 66.6 0.135 152.2 71.9
D C 240.1 275.4 90.5 1022.8
F 631.701750 1710.562044 3.061584
E 2.965876 86.070828 114.208302 0.209130
W C 1296.4 1893.5 362.3 1468.6 450.8 701.7 1135.9 770.6 1650.4 1079.7 1775.6 278.6
W E -0.410 76.9 59.9 -2.942 60.4 133.8 -2.435 53.5 156.5 -0.490 111.7 54.8 -0.182 81.7 66.6 0.135 152.2 71.9
D C 239.5 274.7 90.1 1019.0
F 631.632034 1710.993456 3.059537
E 2.970976 85.774415 113.760017 0.203324
W C 1296.4 1893.5 362.4 1468.6 450.8 701.7 1135.9 770.6 1650.4 1079.7 1775.6 278.6
W E -0.411 76.9 59.9 -2.943 60.4 133.7 -2.435 53.5 156.5 -0.490 111.7 54.8 -0.182 81.7 66.6 0.135 152.2 71.9
D C 238.7 273.7 90.6 1024.2
F 631.568320 1711.351473 3.057900
E 2.976219 85.489495 113.361552 0.198422
W C 1296.4 1893.5 362.5 1468.5 450.8 701.7 1135.9 770.6 1650.4 1079.7 1775.6 278.7
W E -0.411 76.9 59.9 -2.943 60.3 133.7 -2.435 53.5 156.5 -0.490 111.7 54.8 -0.182 81.7 66.6 0.135 152.2 71.9
D C 238.7 273.7 90.6 1024.6
F 631.515329 1711.653909 3.056563
E 2.981509 85.214658 113.002557 0.194216
W C 1296.3 1893.5 362.5 1468.4 450.7 701.8 1135.9 770.6 1650.4 1079.8 1775.6 278.7
W E -0.412 76.8 59.9 -2.943 60.3 133.6 -2.435 53.4 156.5 -0.490 111.7 54.8 -0.182 81.7 66.6 0.135 152.2 71.9
D C 239.2 274.3 90.6 1024.1
